16 73 22 70 68 49 73 95 26 31 83 13 14 45 29 78 21 69 92 18 10 43 58 98 30 74 85 49 21 10 21 74 15 97 81 11 91 47 79 26 47 92 83 76 98 93 81 100 28 62 72 86 77 95 41 30 5 95 42 50 0 78 13 3 90 57 78 2 41 12 75 51 24 36 63 67 55 14 95 20 9 30 87 51 20 18 24 62 0 26 88 51 59 99 54 23 36 45 76 60 
10 18 31 57 66 78 10 78 65 61 32 65 22 23 67 17 47 67 6 26 19 89 24 96 59 65 89 1 52 0 54 33 100 58 45 36 90 64 39 80 55 29 95 47 40 87 78 39 36 11 25 75 18 18 75 84 40 34 51 89 42 71 70 99 2 55 33 34 1 96 98 68 45 30 46 88 18 95 86 80 34 57 95 11 50 6 85 7 100 15 82 52 78 68 0 66 73 25 90 27 
89 93 100 84 52 24 55 35 57 52 50 14 1 67 26 5 65 67 35 36 93 67 88 73 42 0 0 8 88 77 31 43 35 24 60 26 33 18 87 31 70 26 5 22 88 6 100 21 69 51 57 14 74 68 56 87 23 58 36 65 8 44 20 44 34 34 3 87 9 36 35 44 49 81 52 54 24 66 71 54 73 81 85 95 29 41 45 25 12 38 10 9 13 93 49 25 100 20 2 6 
85 33 89 85 76 0 30 39 6 77 25 6 95 98 1 85 35 44 48 85 7 39 96 26 11 55 30 63 0 54 89 62 67 84 96 100 15 9 82 75 20 83 2 41 82 70 34 25 92 48 32 47 81 3 71 8 7 17 13 98 30 40 19 100 39 29 84 59 28 16 7 4 50 41 87 81 100 46 74 3 53 60 35 18 71 30 49 96 49 26 93 1 1 84 83 12 46 32 44 92 
74 70 74 28 61 97 9 0 32 40 62 42 25 23 61 50 27 39 1 40 20 69 82 85 79 34 27 3 64 79 45 57 86 2 4 51 62 78 58 3 76 33 33 6 83 57 4 27 68 47 89 61 74 18 66 80 9 93 10 81 58 32 61 29 58 69 75 98 75 25 48 34 25 95 20 72 30 55 11 12 34 45 45 22 46 46 5 3 66 82 92 47 66 61 39 100 72 35 98 66 
35 11 44 44 12 17 85 20 39 95 64 73 59 50 78 16 92 63 95 92 55 73 17 52 46 4 10 18 11 24 81 68 13 90 72 26 8 93 51 56 88 24 95 12 33 1 18 66 67 61 33 93 84 24 87 94 11 97 35 67 26 78 16 84 38 70 45 25 4 53 100 10 77 90 1 46 68 38 60 29 3 15 39 46 100 81 96 23 63 2 50 85 26 2 74 51 96 57 28 100 
4 74 44 21 19 99 60 42 55 55 10 72 56 51 18 13 52 78 79 5 55 66 16 54 41 58 50 88 72 78 57 73 71 18 50 96 73 1 55 27 73 99 40 54 32 69 53 15 22 35 62 62 9 48 87 85 67 50 40 62 57 76 54 88 0 100 16 27 91 21 15 67 63 57 48 53 2 16 8 18 80 43 37 35 3 57 33 96 29 76 67 85 27 62 93 57 75 50 40 20 
81 17 60 37 75 86 51 24 3 96 5 77 3 87 61 98 9 19 43 70 37 74 51 10 14 32 96 70 86 7 50 28 12 10 16 20 81 38 78 3 15 73 25 63 44 14 15 90 20 99 8 46 80 90 38 65 5 91 66 61 39 66 59 80 70 62 52 77 65 17 6 9 93 78 20 62 97 58 55 88 12 82 6 83 82 18 92 68 18 8 18 81 85 47 72 37 89 75 29 76 
51 65 90 13 44 32 66 38 76 67 58 9 8 0 43 43 63 58 40 51 29 61 99 90 30 13 70 70 68 46 0 42 17 85 9 98 20 47 83 84 33 60 25 47 60 86 50 69 82 42 49 8 19 81 88 46 48 79 90 70 76 21 94 96 68 82 34 10 53 66 61 2 85 82 10 0 79 13 73 46 4 36 92 92 7 94 50 28 33 66 36 61 9 44 77 10 62 71 76 85 
69 57 5 63 24 66 95 40 1 12 78 25 64 55 96 46 39 69 43 24 12 79 97 63 8 1 4 24 27 30 77 70 5 86 70 26 18 45 42 68 49 71 87 34 14 25 65 2 15 91 22 71 39 72 33 4 20 24 80 79 48 34 73 13 40 78 26 100 69 77 93 22 27 85 11 2 90 79 18 90 29 46 33 45 90 98 39 68 65 42 39 32 12 65 96 48 63 5 18 9 
80 55 29 93 100 54 30 21 10 38 29 24 65 65 50 13 41 84 23 64 74 42 52 38 1 93 58 48 51 79 100 86 7 29 50 87 1 23 35 33 52 61 28 39 15 49 22 51 53 68 9 45 7 93 43 98 100 69 37 25 94 75 84 64 96 31 14 78 69 15 12 93 44 99 99 77 39 15 53 48 38 58 92 30 37 4 16 22 53 64 16 58 66 77 80 68 70 80 23 63 
76 4 1 70 13 77 88 53 74 6 69 59 36 2 46 34 6 3 51 99 71 26 89 83 49 17 63 29 77 20 63 7 24 89 67 100 81 15 0 14 87 92 27 87 48 92 69 39 21 28 15 88 79 9 99 4 2 27 52 65 55 74 53 5 96 20 66 99 23 5 82 77 60 97 40 76 8 67 2 57 74 81 39 26 69 70 27 37 53 46 80 74 17 19 87 12 58 24 85 86 
3 90 3 50 86 11 93 83 26 75 61 36 78 98 6 50 0 65 69 22 21 58 8 15 47 38 46 84 51 52 56 46 91 57 25 90 69 45 46 68 81 8 62 9 13 74 18 98 53 22 20 67 21 75 10 61 24 47 40 86 39 82 60 85 92 39 33 65 19 37 48 83 49 94 22 22 51 58 14 12 54 22 35 79 53 76 32 89 68 98 87 47 32 46 62 59 6 51 73 87 
84 9 78 38 32 57 34 92 63 61 91 27 34 10 9 37 34 87 85 85 60 76 83 61 77 92 18 87 43 72 95 20 4 10 70 82 28 61 95 35 39 50 37 100 8 62 6 65 60 73 14 23 53 55 35 57 73 28 48 4 8 55 79 95 24 66 22 83 19 92 56 68 70 32 92 81 3 75 48 76 94 80 77 69 36 74 71 21 65 27 36 57 27 39 33 76 95 67 62 89 
25 43 32 52 15 38 5 57 69 27 86 64 87 79 90 28 24 34 76 88 39 20 54 26 59 33 31 26 97 9 17 91 8 18 48 44 40 1 56 33 91 34 64 29 13 8 7 63 56 32 59 84 66 95 62 46 73 20 85 80 94 26 93 27 77 54 76 100 62 3 22 23 97 21 57 91 17 35 63 36 53 83 80 83 42 29 26 98 39 46 76 36 99 74 79 35 39 18 52 89 
91 34 89 86 81 69 95 48 52 5 96 50 83 14 33 7 57 47 67 99 66 60 33 18 89 1 14 41 60 96 44 55 74 2 27 26 70 81 70 30 25 38 19 50 0 58 100 97 61 67 17 72 51 79 37 25 9 73 83 33 79 6 70 6 44 61 22 51 81 59 28 52 85 47 11 23 27 21 6 54 23 32 77 7 80 73 6 27 24 11 79 22 22 8 22 57 82 14 13 31 
6 20 31 85 60 36 4 93 7 60 43 1 31 21 13 36 66 23 98 47 38 88 71 72 3 76 3 96 99 85 65 62 18 85 21 53 67 42 6 20 39 46 21 38 15 50 71 51 22 46 30 89 77 63 42 4 83 35 94 96 16 63 16 91 27 31 15 91 23 10 24 11 100 27 44 81 31 7 18 63 58 90 55 54 36 74 90 85 2 80 86 35 41 79 28 42 19 13 76 20 
54 46 68 90 49 30 21 61 37 10 25 48 53 85 10 72 3 47 30 16 83 45 71 100 69 94 52 21 24 96 82 82 68 60 32 74 10 0 61 15 33 53 59 21 38 39 86 8 25 45 28 4 99 87 61 21 29 85 33 35 23 25 71 93 65 91 62 47 30 68 17 97 62 66 48 77 17 67 46 52 56 7 62 45 23 14 61 33 8 10 92 17 27 25 42 36 61 20 85 56 
100 94 91 37 16 77 31 5 3 73 53 62 53 38 35 68 39 36 91 84 3 99 47 4 19 37 79 59 29 54 75 18 10 0 83 11 62 34 73 77 14 8 72 33 57 51 67 94 98 12 10 31 36 15 90 72 82 54 23 7 87 71 84 45 90 23 32 39 74 29 2 40 60 32 19 2 60 26 55 78 37 24 22 27 33 58 27 14 27 74 99 89 85 63 62 46 26 21 30 49 
88 94 44 82 54 52 5 61 62 55 11 79 99 96 78 9 76 57 28 67 7 21 69 5 12 94 76 68 58 62 57 39 12 66 43 65 27 68 99 31 9 60 37 24 46 56 45 61 87 10 22 58 68 13 57 66 94 50 56 47 24 85 33 19 8 87 35 14 22 37 35 66 43 66 80 18 12 23 90 36 19 26 15 59 2 34 46 41 45 98 83 56 33 38 39 22 98 87 59 73 
88 37 51 90 32 51 24 37 73 97 53 9 67 60 28 59 82 33 10 73 39 14 16 95 54 73 33 53 15 90 50 46 88 29 47 39 100 53 98 10 46 36 12 35 9 9 73 87 47 71 53 37 34 78 77 10 60 37 38 98 42 15 0 97 65 10 11 91 87 26 25 13 63 75 80 42 32 68 24 15 28 76 46 34 54 36 39 7 27 20 49 7 44 64 25 38 33 82 99 76 
62 84 80 38 6 8 0 11 23 68 67 69 35 19 20 17 28 69 15 5 11 80 8 82 82 11 82 40 53 5 25 49 59 74 51 10 28 71 80 52 16 47 2 53 13 31 82 47 18 92 88 2 33 69 62 61 96 87 35 80 83 2 8 65 14 3 35 72 57 80 19 53 42 5 34 96 59 45 60 73 79 29 38 54 74 51 35 61 72 58 12 6 79 53 47 84 45 50 19 33 
5 33 45 63 20 74 7 28 28 96 16 17 22 37 45 66 82 81 15 80 3 55 72 63 99 59 60 8 13 19 48 20 53 54 93 95 0 55 80 53 76 41 84 1 11 28 4 76 53 11 4 94 23 72 100 93 55 23 32 97 79 60 88 97 54 81 87 24 38 81 41 82 36 43 74 16 43 11 29 78 17 41 93 62 36 91 45 10 88 87 66 35 63 67 48 29 13 96 43 72 
61 26 61 74 17 27 22 84 17 95 72 74 50 85 95 3 53 79 47 5 23 91 3 24 61 10 98 47 90 31 27 39 67 77 68 36 0 90 35 21 55 59 77 29 63 67 87 17 74 2 95 64 62 100 55 21 63 26 91 9 7 37 70 59 73 31 29 96 29 57 8 33 13 32 42 21 91 82 23 81 0 55 79 28 65 65 67 55 94 93 73 44 26 78 93 93 69 35 77 47 
42 61 66 79 38 59 19 65 37 56 56 22 51 61 99 8 22 32 10 35 47 86 97 39 72 1 59 96 8 67 43 86 90 13 15 10 100 98 12 80 5 8 58 62 26 31 5 62 8 6 1 3 11 2 79 28 75 69 6 19 9 97 20 72 99 65 77 69 80 51 40 78 59 32 40 63 10 68 22 2 90 44 83 42 32 74 5 17 99 72 63 19 76 37 3 64 7 20 18 68 
94 12 83 39 94 47 97 76 90 65 78 3 57 5 11 15 38 68 94 49 52 20 0 33 38 62 25 64 46 66 25 64 96 67 69 36 48 94 1 25 45 50 95 55 65 8 59 5 57 33 9 59 19 36 98 95 70 5 58 71 5 41 99 44 81 98 44 0 22 58 11 24 40 96 72 47 53 81 65 78 19 24 79 50 66 50 17 37 54 19 42 50 99 99 70 94 26 55 94 13 
49 11 27 28 66 98 52 78 4 60 68 86 61 17 22 0 10 74 53 67 58 37 77 82 7 64 97 94 26 56 31 98 92 2 1 65 57 38 24 62 18 80 17 82 38 79 37 36 40 81 60 7 32 45 56 80 88 19 83 31 99 41 4 69 46 48 65 70 43 8 100 54 18 70 6 24 43 50 82 2 63 41 80 42 96 46 52 43 52 24 87 57 33 72 74 22 100 28 43 0 
16 18 55 84 16 56 20 6 94 96 58 16 30 71 4 10 73 96 85 67 40 17 99 48 87 88 66 70 71 66 47 86 87 5 49 66 86 30 71 66 56 40 51 79 47 61 9 99 58 59 27 85 64 21 44 3 25 97 56 63 46 4 13 54 21 30 54 60 12 75 32 7 70 58 84 89 67 59 19 23 63 41 17 30 99 63 85 44 90 50 16 2 63 80 32 97 21 79 76 41 
14 80 33 64 56 81 91 45 36 11 11 53 92 71 41 46 54 35 63 53 39 21 71 63 78 56 27 53 38 55 29 10 92 95 60 43 99 30 81 93 93 66 33 63 45 62 60 2 100 42 76 61 88 54 61 95 16 79 73 27 21 91 75 48 87 28 10 14 97 90 93 17 50 64 41 48 20 22 53 45 39 33 72 46 75 33 37 45 79 67 32 41 99 90 72 44 63 23 59 52 
47 60 41 18 84 97 74 26 90 48 20 77 95 83 62 17 78 37 91 74 86 47 9 40 0 60 7 67 12 94 23 37 92 77 97 20 59 21 7 19 52 64 55 37 30 21 23 6 75 54 85 75 89 45 13 72 27 5 49 83 9 4 45 62 54 98 42 38 78 89 77 58 7 15 73 62 89 61 76 77 61 60 91 35 43 40 11 25 26 97 44 55 63 31 36 3 13 44 100 24 
86 18 99 82 54 23 73 6 73 51 73 85 78 11 92 72 52 15 86 4 66 94 53 96 88 88 88 70 48 80 94 53 58 3 84 55 54 15 53 100 16 97 99 67 16 17 95 10 36 90 95 75 4 58 89 28 71 36 78 45 45 24 5 11 50 85 11 85 90 75 20 8 35 37 17 77 72 17 32 21 63 2 20 33 59 53 11 71 65 83 85 53 12 59 44 44 11 89 68 86 
88 18 49 13 43 46 46 22 25 65 26 18 27 32 76 72 10 46 8 44 5 12 65 42 11 19 65 77 80 26 68 52 4 59 11 6 28 73 30 44 30 78 89 88 100 13 44 70 7 89 27 52 54 1 90 44 22 31 77 81 42 76 79 37 64 30 25 62 67 38 22 95 55 85 7 36 64 71 27 36 52 93 86 7 33 92 30 86 27 42 23 14 67 0 14 86 97 20 19 92 
62 36 12 13 96 71 22 84 48 51 21 82 3 8 68 58 57 6 51 3 29 1 39 10 13 94 22 55 0 53 23 52 63 19 68 92 0 65 22 91 19 80 81 40 30 7 50 86 43 26 36 73 81 12 28 6 85 59 62 85 79 70 8 67 48 55 64 49 45 27 72 64 24 34 1 21 18 17 48 23 28 24 45 8 68 13 67 44 53 40 92 85 21 60 29 90 13 90 0 14 
69 71 88 100 96 23 40 17 24 71 52 45 92 89 91 64 32 23 8 20 8 92 46 7 69 60 57 55 60 87 92 0 22 38 68 65 37 71 27 7 17 38 44 37 39 13 26 55 76 80 64 23 75 85 82 84 49 82 3 9 66 62 89 88 92 29 13 45 28 55 4 22 92 22 100 84 87 40 49 53 72 52 74 18 29 28 24 4 44 98 50 68 35 4 35 36 88 6 64 39 
24 69 50 76 22 35 22 70 21 59 80 98 28 20 15 32 28 31 75 29 21 54 82 32 52 45 68 79 5 88 28 55 82 72 96 88 23 63 68 69 66 66 16 45 0 51 56 35 52 84 75 37 62 52 60 14 43 85 20 25 59 47 77 76 14 75 82 28 56 80 25 67 100 95 31 42 41 45 73 21 48 54 86 2 35 86 39 81 41 73 50 89 22 94 54 6 36 10 43 56 
81 61 21 89 26 21 12 88 94 59 65 4 27 38 94 24 39 78 63 69 87 22 80 42 92 12 98 47 1 18 89 99 0 31 21 88 62 88 29 34 60 100 42 69 90 39 45 35 15 1 94 57 21 16 28 83 70 20 54 60 54 59 58 29 9 65 30 27 36 36 0 39 94 53 38 86 70 26 60 56 10 37 60 95 84 19 8 19 9 22 17 46 39 15 19 97 92 35 20 37 
32 48 30 40 84 42 37 79 0 10 57 4 85 87 92 7 19 73 43 24 63 39 81 93 3 18 69 85 83 98 26 36 13 56 57 100 93 34 54 97 67 64 42 79 49 1 33 6 73 96 40 35 77 22 71 24 55 32 2 86 23 7 58 63 98 46 68 80 71 65 18 14 13 87 81 85 58 48 89 52 79 92 52 21 89 100 46 37 25 5 50 19 4 67 2 93 82 71 42 100 
45 60 49 63 8 65 85 81 41 41 63 33 58 80 0 28 20 45 2 67 84 5 26 99 65 85 18 47 85 65 5 96 46 88 88 8 6 23 29 38 13 47 6 67 36 83 68 1 47 14 9 58 84 60 41 75 59 57 55 72 8 85 36 19 52 87 88 21 36 54 54 11 48 97 79 2 15 15 90 15 82 9 52 38 7 61 52 99 22 81 40 61 86 41 18 42 9 8 44 76 
70 16 47 16 96 55 25 36 73 26 12 93 21 56 79 13 16 5 55 15 4 41 61 31 65 77 18 62 39 67 4 9 84 76 97 67 40 15 53 90 85 79 17 37 100 25 26 22 78 76 78 33 4 88 65 8 1 0 6 80 57 14 7 31 55 8 22 47 60 33 96 87 15 25 6 66 23 77 89 43 82 0 77 93 5 56 2 41 11 96 56 16 3 40 7 89 37 26 15 89 
7 42 73 82 61 12 87 25 38 73 40 43 66 35 83 10 88 49 27 28 11 50 6 70 67 10 0 87 84 53 12 36 78 90 85 43 24 4 35 57 45 25 80 40 91 73 19 77 92 46 42 42 64 30 21 32 17 68 22 62 31 3 97 21 95 55 43 22 45 81 26 89 19 64 91 36 84 59 54 74 71 1 98 87 69 15 95 77 56 60 0 74 91 64 10 67 26 30 28 93 
80 94 30 83 52 1 72 29 6 78 39 87 75 83 29 81 84 42 82 69 46 34 55 86 65 85 72 71 72 33 35 17 46 93 23 75 19 58 91 9 20 52 7 14 45 22 11 59 50 96 63 41 78 3 77 94 79 35 73 60 14 62 17 51 97 49 44 99 2 94 91 15 67 10 10 69 52 53 22 21 61 94 87 91 52 97 85 30 69 53 64 17 54 95 7 6 73 11 45 57 
47 14 56 3 94 58 91 95 90 18 10 25 10 97 46 70 3 46 3 88 19 3 66 87 85 57 94 21 69 99 25 53 45 73 54 84 77 12 81 18 62 76 75 87 8 73 40 3 96 21 74 20 82 23 51 69 4 56 23 84 86 82 32 71 30 20 28 79 12 78 46 22 77 16 77 98 81 49 41 30 71 89 64 57 40 66 47 52 50 60 47 52 98 67 22 37 15 28 30 93 
18 18 43 57 51 68 26 51 49 5 39 46 6 9 66 55 26 51 40 55 39 46 33 65 84 83 47 82 36 60 87 75 55 55 21 39 37 54 87 94 49 20 3 3 52 91 39 44 18 60 31 48 37 44 58 40 85 44 30 7 43 53 84 79 82 26 25 95 1 24 14 93 85 98 3 87 10 20 2 21 85 83 42 35 13 6 30 95 76 23 13 21 55 57 44 74 53 17 73 2 
91 9 57 61 10 73 79 92 36 86 43 61 12 49 24 69 92 17 76 58 30 60 77 54 77 54 27 20 17 50 77 48 57 61 41 70 20 6 95 99 76 40 42 21 18 18 48 26 86 64 71 64 46 95 88 55 48 13 93 87 6 21 65 75 74 96 70 33 59 22 16 4 32 28 5 71 84 69 77 41 17 45 76 27 68 98 99 67 2 3 3 76 91 29 36 72 96 51 43 23 
11 65 13 18 21 94 37 72 53 20 24 59 45 22 32 61 37 34 39 26 56 59 21 51 29 87 82 38 34 75 20 14 78 83 95 17 85 56 86 47 61 97 25 81 50 88 0 92 44 47 42 25 49 43 3 21 36 3 61 53 7 21 38 84 8 29 25 12 31 34 35 86 7 52 91 22 78 46 79 79 52 8 1 12 13 2 35 46 45 85 30 36 68 21 41 21 58 47 45 13 
0 37 47 94 28 76 71 71 95 36 35 62 25 56 55 16 32 59 5 62 28 29 84 35 91 56 52 80 77 45 28 9 41 84 65 95 90 49 51 98 47 19 53 77 0 63 24 23 74 6 62 76 32 96 86 34 60 90 82 92 41 33 42 93 40 64 1 28 75 28 88 78 66 31 87 38 0 45 51 4 38 12 93 14 60 91 100 27 38 27 23 48 32 65 55 45 81 51 33 91 
19 18 24 83 51 5 56 3 71 8 33 28 77 21 74 43 26 44 13 59 4 44 16 4 20 25 10 36 94 57 0 48 99 70 40 88 5 59 87 12 6 81 53 46 59 94 4 98 65 75 26 75 10 35 43 27 1 43 35 37 92 44 33 86 83 26 28 90 2 25 28 46 22 33 75 45 35 11 17 98 37 98 96 59 14 41 46 83 65 75 89 27 45 1 46 34 2 65 73 71 
31 43 64 85 89 79 14 15 94 30 32 80 8 36 84 73 63 67 5 46 78 55 98 100 14 12 50 9 42 6 100 41 93 80 50 85 95 65 60 99 34 8 29 3 65 54 30 90 67 77 73 27 74 26 30 68 56 77 6 57 63 22 35 93 40 13 71 67 52 89 90 36 25 9 43 15 53 79 15 88 54 57 4 78 28 66 77 98 99 75 58 15 23 93 99 85 15 93 51 66 
3 92 53 24 99 45 50 45 91 66 60 13 68 99 77 61 99 36 6 57 37 99 38 96 58 16 57 67 99 43 74 89 2 47 38 27 95 30 84 52 90 45 77 22 86 96 48 66 85 14 93 67 96 65 39 91 31 4 93 98 54 14 84 76 33 38 19 32 61 66 56 38 95 38 32 44 26 87 19 46 45 18 27 25 30 50 50 90 85 25 13 66 61 86 92 33 43 31 89 45 
66 3 24 55 39 1 54 96 23 77 98 89 19 18 0 10 76 87 19 39 2 17 29 66 41 22 41 22 52 24 61 8 41 5 36 14 2 50 81 48 0 38 5 61 71 11 36 14 79 71 33 63 20 14 74 6 78 16 59 81 17 12 73 76 37 75 38 1 30 65 68 96 80 67 55 10 2 41 58 3 50 40 80 20 28 15 3 31 51 49 5 59 13 0 94 88 28 5 63 58 
3 33 32 12 27 97 7 54 11 57 85 42 90 84 17 75 75 0 8 51 78 4 83 67 90 85 77 76 88 84 48 87 75 96 9 80 13 66 26 59 49 7 87 22 83 93 88 47 59 41 57 22 12 49 12 84 99 28 48 10 93 18 55 8 5 70 88 63 6 0 40 40 40 31 55 42 38 18 71 20 94 26 90 82 71 67 56 84 32 40 30 50 84 87 40 80 94 3 97 30 
28 79 54 18 8 47 77 95 12 60 0 56 55 77 1 75 55 100 69 90 97 46 80 22 10 72 80 86 100 40 34 73 60 40 30 97 11 33 74 47 21 79 73 53 25 22 100 15 33 90 25 3 46 69 65 46 12 69 83 37 69 83 69 36 55 32 59 79 43 30 70 76 100 24 27 90 66 4 9 80 81 14 82 1 7 10 1 18 23 57 33 14 69 46 70 2 75 89 56 1 
18 81 76 23 20 6 53 96 19 42 61 90 21 26 33 13 12 92 87 41 94 28 50 17 6 31 19 94 29 52 94 97 23 87 79 82 72 13 0 86 11 68 6 30 77 63 14 54 35 89 30 63 86 48 75 59 64 92 38 10 68 43 93 79 62 19 94 16 99 66 63 33 61 78 54 63 60 73 3 57 97 80 72 3 36 48 84 79 64 98 79 77 62 64 33 35 32 81 6 92 
95 38 28 6 89 32 82 87 11 79 45 84 50 63 24 84 88 58 12 45 41 60 63 52 10 69 38 49 14 13 3 51 36 1 95 16 55 15 81 85 34 81 27 84 13 96 54 96 75 85 82 47 38 68 84 67 64 52 0 2 68 100 2 92 24 20 51 65 91 7 88 41 90 79 64 25 90 55 3 91 47 51 0 52 95 80 31 35 78 33 12 45 4 72 64 73 43 18 41 42 
55 85 72 46 24 31 80 17 13 88 81 77 4 41 16 87 64 14 49 0 10 7 46 85 59 16 62 19 42 45 97 56 44 32 18 33 78 54 75 90 88 34 85 92 48 94 22 65 11 62 39 100 75 22 57 15 41 62 46 76 100 19 9 23 41 96 17 8 55 4 18 31 65 62 86 2 65 73 37 11 1 50 58 38 69 65 86 29 98 36 41 68 44 98 47 77 29 51 36 97 
94 1 7 62 98 23 4 26 38 69 48 96 61 45 45 11 7 87 9 0 94 3 38 89 94 32 34 90 66 23 33 69 34 46 4 60 96 70 43 95 59 13 15 47 66 86 100 86 49 40 94 31 87 95 92 83 28 19 55 10 74 44 78 67 10 53 16 6 30 95 97 4 77 97 98 80 67 55 3 50 86 46 44 84 22 83 89 29 82 75 40 44 23 96 42 11 45 42 76 5 
5 56 4 65 47 1 51 36 81 64 44 91 36 66 71 62 1 15 6 35 32 72 76 48 77 19 71 71 33 0 84 84 32 41 97 0 21 13 4 98 74 82 93 23 54 37 62 17 53 59 97 11 14 28 8 56 50 82 66 3 42 48 19 24 70 33 8 8 86 43 25 7 74 13 85 55 72 94 99 57 41 15 93 98 92 43 99 40 0 29 78 11 90 91 79 87 27 30 92 4 
40 67 50 39 50 15 95 91 75 86 56 60 33 21 49 24 87 30 27 57 48 25 69 41 22 45 3 59 11 39 3 57 4 27 47 74 21 3 30 1 59 17 66 82 79 42 33 49 0 77 6 4 14 1 14 77 68 56 20 17 27 24 35 54 23 60 43 50 52 3 51 4 18 0 83 9 56 33 99 66 4 37 58 94 98 3 37 52 59 57 93 39 55 88 63 90 43 51 53 64 
56 55 49 36 59 63 0 48 86 92 49 10 95 9 32 14 76 29 100 48 39 76 77 91 57 59 54 57 80 92 21 93 29 25 74 84 32 66 14 69 67 59 36 86 31 99 75 36 17 10 90 96 7 88 65 21 26 10 35 12 58 8 53 42 88 66 66 42 71 33 6 51 79 65 64 98 19 42 45 30 42 12 28 72 4 80 40 71 34 71 1 44 50 51 8 96 44 51 52 16 
55 0 38 37 33 18 99 76 42 54 67 13 82 72 88 31 78 22 63 56 15 82 52 40 100 41 63 53 47 23 79 96 31 73 48 62 6 65 22 7 93 80 1 40 15 83 47 54 33 86 100 67 76 42 29 77 2 76 91 87 85 82 34 59 24 48 45 85 96 23 50 82 42 90 42 85 35 85 36 96 59 43 61 12 32 32 7 31 1 32 18 56 38 25 22 45 67 42 36 96 
91 20 1 42 12 11 77 86 39 38 48 0 100 72 18 93 41 58 57 99 38 51 85 64 94 7 60 24 24 48 63 100 92 83 57 76 10 52 1 11 94 88 42 60 79 66 4 56 61 21 68 36 40 98 21 25 36 28 41 47 27 11 100 26 14 50 54 35 80 15 83 58 35 38 86 7 43 98 67 2 52 2 53 16 33 47 24 48 50 15 2 4 49 12 61 31 84 46 56 77 
15 68 74 96 25 71 46 94 43 65 2 0 45 44 26 0 90 32 13 92 53 40 5 62 93 47 30 75 68 15 47 64 20 84 2 43 51 28 66 21 82 32 78 64 65 100 22 68 5 96 23 15 3 90 93 40 74 28 44 50 51 87 71 49 28 17 93 78 35 47 33 43 19 48 48 26 11 14 18 66 65 86 48 68 38 29 3 4 91 21 64 47 12 71 94 82 95 60 6 93 
31 62 43 39 98 79 23 73 67 74 45 74 19 53 57 2 15 39 47 47 7 63 20 87 71 22 71 8 70 64 10 45 67 15 41 35 71 59 94 58 46 92 62 96 93 51 67 73 36 63 64 90 25 61 88 0 63 68 32 72 93 17 39 58 79 97 59 22 71 60 97 14 41 7 41 38 87 56 29 47 18 57 72 4 46 68 71 98 82 16 75 10 71 6 4 55 39 59 63 20 
10 64 94 26 42 0 67 38 45 72 42 53 43 96 91 99 88 99 49 16 88 19 64 16 43 42 40 76 18 7 28 20 13 80 54 99 9 68 30 75 93 7 28 92 76 97 55 36 26 13 76 63 68 32 9 84 21 47 50 60 98 77 6 14 88 89 78 74 42 50 19 50 88 24 17 46 52 73 84 15 5 5 96 64 26 43 40 3 19 26 22 8 47 61 69 83 72 38 93 50 
23 97 43 7 8 51 94 40 97 70 15 65 72 100 29 44 37 81 73 100 77 51 75 14 93 69 90 82 89 91 89 72 68 59 90 70 94 19 44 96 93 23 76 92 84 90 45 78 19 46 93 2 7 42 2 30 97 76 84 0 79 52 54 52 100 21 28 14 99 40 17 79 52 55 27 44 18 13 53 90 45 36 16 78 47 5 78 78 73 31 35 41 31 80 27 49 65 36 60 17 
24 23 77 37 88 62 75 69 75 14 98 60 68 15 60 0 77 7 23 10 53 85 14 28 38 52 46 61 84 70 49 70 57 49 84 5 76 68 11 26 44 13 15 59 16 58 65 73 36 90 55 88 72 82 99 30 86 40 60 8 56 63 87 5 93 16 90 13 3 74 29 84 77 19 28 27 96 92 100 26 50 62 2 11 82 78 63 98 9 14 11 93 48 8 19 5 95 35 1 24 
50 13 31 68 76 93 72 98 98 85 19 34 13 16 10 54 14 42 33 24 11 78 11 79 20 42 65 51 43 81 40 97 42 98 16 69 24 22 81 59 93 93 19 100 51 32 40 80 10 49 2 14 67 21 87 30 53 15 78 12 36 85 23 17 45 83 84 91 48 47 16 9 98 24 2 92 61 36 7 27 77 53 28 56 35 2 80 31 23 32 1 20 0 95 75 4 99 52 67 75 
56 46 8 31 63 97 40 30 39 92 1 36 22 91 82 88 22 76 72 97 22 80 74 24 55 78 46 17 44 49 7 13 37 20 40 40 72 59 40 16 51 63 44 98 78 47 5 14 93 95 19 59 67 79 61 98 69 28 13 66 76 38 84 94 13 90 2 29 71 3 90 97 55 26 17 76 5 68 41 37 75 27 100 31 68 43 31 37 81 14 1 29 2 3 61 7 20 28 81 65 
13 85 84 51 34 49 2 36 43 91 36 87 25 80 93 49 27 39 38 51 100 83 96 51 87 73 34 72 48 7 24 81 30 38 81 90 54 27 98 45 72 34 96 71 7 36 95 100 96 13 83 54 32 60 29 62 71 66 84 20 16 94 90 24 19 83 80 40 99 89 94 83 83 46 92 73 97 88 18 88 27 64 36 41 83 74 13 11 65 21 16 23 25 0 98 40 75 12 64 92 
43 47 33 71 33 0 18 3 63 20 24 66 88 36 20 79 97 15 14 88 41 79 98 30 92 77 49 90 35 22 61 43 28 23 13 74 97 82 19 84 5 28 15 30 51 71 81 68 81 41 38 50 17 71 84 74 16 18 90 70 41 13 54 66 71 87 47 66 84 96 65 61 51 30 35 23 15 62 72 90 96 21 3 59 18 62 23 57 42 80 6 28 80 17 13 73 52 45 89 62 
55 74 26 86 98 82 58 1 78 23 30 71 52 94 11 2 78 50 12 3 100 100 52 57 86 92 29 69 96 59 51 49 36 10 95 84 40 82 76 32 3 65 42 60 49 35 19 35 4 65 97 50 44 37 84 62 40 13 60 23 75 51 32 52 33 56 36 79 82 24 71 97 25 86 18 26 61 38 5 95 25 56 48 99 7 44 97 32 32 91 34 25 16 74 41 30 63 29 96 79 
97 79 50 95 68 54 67 14 64 30 64 41 93 73 17 38 70 67 90 68 53 70 70 28 9 45 15 13 32 34 29 18 97 2 86 54 71 30 92 41 68 40 62 40 69 17 31 36 45 22 49 79 80 76 65 18 58 21 64 93 55 28 74 87 72 38 73 82 7 74 92 12 53 48 82 77 0 52 3 4 95 83 55 24 50 90 76 24 6 67 99 90 15 78 63 96 78 77 24 24 
52 89 40 26 15 31 66 9 79 57 12 8 85 97 12 17 96 60 84 79 35 96 38 82 32 34 91 60 29 22 29 71 34 42 8 41 3 68 78 19 96 23 7 86 7 99 69 90 19 61 63 9 68 63 54 88 90 82 67 29 14 92 27 87 20 87 35 39 32 90 4 61 2 49 67 91 58 47 26 97 9 35 69 55 30 41 84 76 27 61 22 52 45 70 71 58 79 61 65 78 
44 86 92 78 99 1 91 77 4 39 28 87 3 88 51 60 97 49 23 28 21 44 68 86 67 12 46 66 92 62 49 89 21 35 7 51 45 4 53 77 42 94 76 85 73 85 25 37 98 65 61 61 63 77 33 100 50 46 11 10 81 61 58 9 60 77 51 45 30 33 23 28 91 43 65 73 100 65 46 88 60 63 64 37 23 67 62 96 13 90 88 92 87 65 83 96 44 52 36 2 
43 89 54 32 85 21 0 76 88 1 37 10 87 66 30 15 69 51 62 29 68 93 2 7 30 63 65 31 51 47 48 5 28 54 42 92 32 41 55 21 94 72 78 6 50 8 41 61 60 84 87 49 15 17 98 31 28 51 97 24 14 45 71 6 44 3 92 26 40 40 14 30 51 20 100 24 4 51 52 65 7 13 71 97 37 94 94 14 21 7 19 78 25 14 43 6 14 59 12 68 
63 25 12 92 38 100 87 91 100 57 4 28 0 38 2 56 28 98 71 92 99 66 75 96 1 39 93 3 8 9 10 68 51 100 35 4 99 67 57 64 54 90 69 88 40 91 31 86 89 55 90 32 96 55 8 59 22 25 15 81 52 33 27 41 74 3 52 99 21 60 25 70 90 31 60 39 14 45 8 66 56 71 12 21 81 51 89 1 48 52 54 7 28 70 22 29 41 59 42 100 
58 76 2 67 49 56 25 20 73 14 38 69 56 23 59 57 80 44 25 57 94 42 23 19 3 17 49 42 16 85 59 66 31 54 9 40 34 62 40 30 7 68 47 65 78 0 77 94 98 49 47 30 18 57 96 19 96 97 71 66 32 46 41 30 74 41 6 21 71 71 0 66 64 65 81 87 96 22 8 48 1 0 23 45 25 44 70 7 74 7 10 19 99 73 8 75 87 41 72 52 
73 74 89 66 77 100 47 43 5 47 69 66 44 75 38 4 65 29 59 24 47 96 89 97 45 42 6 24 82 4 64 13 32 8 19 26 75 42 76 17 48 98 74 53 32 46 23 83 93 97 12 3 18 59 82 5 3 89 7 94 29 0 15 37 65 38 23 24 65 89 37 86 68 32 70 87 33 47 67 50 20 6 20 95 91 94 85 58 64 27 10 15 6 79 77 38 43 81 96 100 
71 75 43 20 59 81 96 58 17 27 71 88 35 19 67 67 3 2 87 58 51 92 43 61 20 83 47 42 0 36 9 85 36 35 21 65 47 47 69 82 64 87 41 100 57 65 80 97 93 38 83 13 96 30 99 36 52 77 77 35 17 81 50 5 23 92 59 96 75 92 78 57 65 6 66 3 33 5 14 74 81 94 21 60 51 21 91 80 7 3 64 3 7 88 73 52 88 83 78 96 
62 15 2 13 31 94 3 63 12 23 40 95 77 62 12 100 20 52 59 72 58 64 15 58 8 40 49 78 29 48 10 4 5 90 19 46 34 26 65 86 30 82 93 53 59 14 63 55 92 93 27 28 72 34 85 11 11 10 44 23 3 45 43 65 39 11 35 34 42 89 65 4 74 90 75 48 24 18 76 70 4 17 32 10 7 28 18 94 56 73 6 50 34 11 97 72 23 47 98 79 
38 71 77 76 67 66 98 29 92 84 13 36 53 34 49 10 29 27 51 27 29 11 57 90 15 61 8 63 97 77 39 42 92 17 72 46 42 13 48 72 57 3 51 92 58 20 86 30 47 55 21 32 29 71 75 90 90 83 80 14 99 37 45 8 25 13 56 55 19 28 76 84 74 67 36 68 30 90 48 51 17 61 78 51 31 90 49 10 92 90 37 17 77 18 98 51 93 61 93 20 
69 69 60 29 62 37 65 47 43 95 69 63 32 38 91 33 87 71 12 94 96 31 95 35 97 86 56 39 61 9 28 9 37 31 17 30 94 68 60 19 57 31 52 75 16 16 73 77 24 27 5 14 75 10 4 96 13 26 41 83 75 56 39 95 28 11 25 90 47 5 40 96 97 38 24 3 58 68 66 86 56 49 75 92 22 29 28 73 52 61 90 24 20 79 94 16 84 40 19 22 
81 57 49 57 47 52 24 65 15 26 52 89 27 20 25 50 92 55 13 82 12 55 38 77 64 14 19 33 45 45 77 71 16 9 27 68 49 68 98 14 66 14 36 3 66 69 14 49 15 9 30 51 25 53 26 66 28 53 13 90 0 98 65 15 42 49 100 62 17 30 13 80 48 60 11 98 89 59 79 31 6 51 37 96 79 16 7 37 49 85 78 28 74 16 53 47 43 93 45 6 
14 66 86 50 15 40 91 85 73 57 62 15 27 36 15 44 72 38 53 26 66 24 10 50 8 65 97 44 39 80 77 40 72 5 88 77 54 57 45 75 60 61 71 32 21 38 58 19 4 47 65 18 22 89 73 33 46 68 8 7 10 73 27 56 66 10 93 62 69 37 74 76 22 43 89 5 37 21 15 88 5 1 51 1 50 58 61 41 77 31 63 90 61 36 9 39 18 58 13 14 
47 41 0 48 70 49 79 2 8 18 43 36 59 77 13 64 34 16 86 51 46 86 58 40 75 43 100 74 53 74 9 24 80 32 96 28 58 14 74 55 72 72 57 20 24 27 10 74 65 19 12 69 44 4 28 23 38 69 84 61 46 75 1 17 63 36 98 54 27 27 26 82 81 53 11 29 42 24 10 82 90 76 84 70 53 8 82 42 45 52 71 45 75 55 14 38 38 50 25 66 
26 73 17 74 27 8 65 67 52 72 9 16 80 78 97 39 83 27 47 52 25 36 51 46 44 49 72 16 27 7 45 50 22 65 27 67 49 90 3 53 69 9 77 56 84 57 74 12 82 33 33 90 79 19 79 90 68 45 66 54 47 9 14 81 40 18 83 62 22 76 45 9 36 48 21 37 66 12 70 71 24 51 29 41 44 38 12 62 41 32 62 61 32 39 54 79 93 59 4 59 
18 66 47 41 68 36 43 78 97 38 65 61 14 64 19 3 3 92 81 23 44 47 88 69 90 26 60 64 13 1 41 41 30 35 68 90 36 19 95 83 51 83 30 75 46 73 56 96 18 15 26 65 8 87 35 54 21 64 91 79 76 25 54 70 67 71 89 87 85 2 72 27 57 87 17 21 87 56 55 49 81 61 90 57 5 18 96 2 71 37 9 40 87 20 61 55 58 61 7 89 
27 61 31 70 65 83 42 9 99 10 73 43 64 97 41 80 79 59 63 91 0 43 96 53 35 11 65 34 49 25 77 60 100 3 59 7 55 12 70 94 4 89 94 60 5 40 56 10 20 47 75 62 97 29 92 8 31 69 19 20 3 46 71 64 91 95 55 41 88 95 50 99 39 80 32 82 44 16 44 7 62 26 24 53 55 90 80 58 77 93 51 7 93 47 65 28 69 88 97 26 
1 17 52 55 86 61 95 49 7 55 4 94 77 61 36 95 86 99 49 14 87 66 11 86 62 62 94 12 26 64 25 61 23 52 84 77 55 69 3 68 43 85 34 81 27 60 30 89 37 79 53 15 53 18 22 75 46 39 92 23 84 58 38 3 52 43 14 92 92 28 61 21 53 97 86 63 64 62 28 15 94 65 80 38 30 33 23 31 18 41 73 13 94 77 25 53 53 27 25 70 
75 77 32 76 13 77 98 42 83 70 22 9 81 0 23 19 26 77 57 73 100 1 20 34 15 53 14 55 71 67 52 2 45 43 71 3 15 61 49 69 65 5 72 76 2 51 9 88 61 5 97 78 51 38 48 68 86 35 86 33 62 70 61 73 45 35 20 68 97 57 45 26 98 62 25 36 84 92 54 63 95 12 60 17 35 95 11 77 48 21 14 8 24 56 57 88 45 80 27 44 
77 32 28 0 8 9 62 42 42 66 30 72 44 49 83 47 36 23 20 41 66 55 0 96 90 55 33 95 72 49 66 51 2 90 78 15 34 14 71 61 90 69 94 74 40 0 7 70 44 31 86 29 47 62 64 8 71 100 6 8 65 16 40 20 84 16 25 32 68 24 13 88 87 28 8 51 91 93 92 77 41 18 50 51 49 20 33 23 90 34 20 40 3 97 19 39 90 30 72 77 
62 73 40 10 33 38 95 0 36 9 62 31 26 16 91 7 33 94 53 88 68 48 85 50 75 81 99 54 54 2 44 94 86 67 13 5 13 40 100 58 65 85 79 72 75 61 28 76 59 11 13 28 40 91 31 53 65 5 49 39 8 76 7 80 39 12 28 98 40 1 91 38 49 80 29 18 42 99 38 23 67 37 2 89 35 92 63 14 79 64 97 95 44 89 90 45 35 14 30 73 
52 97 72 11 58 96 49 63 70 80 6 31 94 86 90 68 45 76 18 43 72 0 98 33 26 61 14 4 87 97 52 93 66 84 90 0 8 81 30 93 88 99 84 55 51 70 22 10 94 80 87 71 100 87 75 89 98 58 69 54 50 16 72 50 54 82 81 80 86 94 92 90 5 22 18 71 4 32 60 69 87 26 57 39 70 69 48 41 59 92 34 49 86 20 22 30 13 67 1 34 
6 10 8 44 15 76 93 29 27 73 36 33 40 32 57 62 45 97 63 7 78 87 43 42 89 67 88 15 62 93 35 49 22 56 1 50 41 69 84 24 17 74 27 61 24 86 23 94 55 78 46 53 15 34 77 77 58 74 41 47 13 47 88 46 76 26 50 71 73 94 9 75 34 81 57 34 21 24 87 65 34 0 63 5 12 14 90 71 40 26 73 24 44 8 66 100 94 58 37 33 
34 34 12 97 89 80 80 77 28 59 13 74 8 82 46 19 98 4 33 32 27 85 45 46 66 83 60 47 3 58 14 23 46 52 72 55 16 54 67 69 89 100 65 63 54 72 17 27 38 84 100 19 68 31 2 1 22 49 74 69 38 47 29 92 12 43 53 43 2 92 48 83 39 92 49 36 13 95 76 3 0 79 88 5 65 20 68 55 90 90 27 91 0 55 97 59 13 77 41 96 
57 86 7 21 41 78 85 52 62 30 32 59 12 27 22 14 65 25 44 56 85 75 0 64 28 18 31 77 71 75 71 76 65 43 19 48 56 87 18 64 0 39 63 62 28 67 31 30 24 58 61 23 59 76 24 22 60 88 74 56 40 53 70 38 12 35 5 75 67 52 24 96 0 22 33 32 75 52 5 56 99 7 6 47 34 47 79 35 78 89 18 79 38 4 61 70 35 14 14 65 
27 40 45 44 18 72 100 8 81 45 36 79 28 9 62 45 66 78 23 4 38 58 19 45 62 86 94 7 43 20 83 62 74 11 68 58 15 88 9 81 8 79 59 22 49 2 88 92 68 19 52 12 76 30 98 73 29 3 37 8 55 38 91 15 3 50 24 62 19 6 77 79 51 9 69 94 94 98 84 39 9 50 75 96 23 47 60 10 25 44 18 21 37 68 2 78 40 77 81 22 
0 38 98 49 72 86 13 8 37 48 36 46 3 2 48 20 29 77 8 3 74 64 2 75 75 22 46 14 38 88 87 80 71 81 96 67 32 7 17 82 57 88 20 28 74 28 33 91 97 71 83 3 35 68 91 45 63 68 54 53 94 98 52 26 65 21 14 67 28 36 85 33 44 10 21 16 60 68 78 98 18 7 2 61 74 43 39 26 30 40 0 71 71 66 19 19 25 36 85 42 
62 91 95 92 7 48 46 82 65 66 51 53 85 97 65 32 100 85 20 57 27 38 19 68 67 46 21 100 92 89 38 22 10 100 95 89 2 72 33 57 77 26 55 93 13 12 8 70 47 11 25 22 30 10 82 100 50 21 3 52 67 51 81 7 8 64 98 10 58 49 38 82 56 83 32 68 59 95 66 32 31 39 81 67 36 35 20 83 86 36 24 35 73 48 13 1 94 82 74 77 
92 74 13 11 90 28 24 72 75 69 94 58 71 64 82 95 13 87 53 89 95 23 92 65 47 22 81 73 59 73 65 62 10 59 96 2 76 67 4 82 56 98 100 15 75 29 16 33 15 86 65 55 97 65 85 100 100 78 14 50 4 3 69 21 44 43 6 91 57 16 99 99 89 0 52 74 54 41 5 65 78 89 27 91 38 57 76 2 9 51 24 46 82 32 66 3 80 24 69 54 
