10.495398181 70.7054882616 61.4518696267 68.1527151976 9.15714035448 69.0944785413 36.460393872 16.4729026094 40.1315609071 10.5552089093 
0.992178033658 95.8990806199 19.2800587032 99.6596268254 59.2407298216 7.06791275085 31.8278054242 10.7998240253 44.3044398241 62.4744596901 
34.1660848351 4.03388548241 56.6872867341 91.01325758 84.661601931 12.4872683089 0.812880407442 77.8562565023 59.7475985653 31.7195173946 
85.2057523769 9.54956748702 78.8537978924 84.7625130946 42.3561851001 72.7728440026 31.7396714545 47.4403053504 57.6993990125 37.4776874271 
52.3106703069 23.7848125472 23.5136739139 4.76523513483 68.3993473218 5.18242868446 1.25780422747 48.7059285105 77.0326179796 67.0936028916 
12.2252126749 75.8888772942 97.1633781475 95.1455169991 91.3052403399 14.785153609 18.5984373069 12.0217811841 15.0668317473 55.0289287513 
97.8811366077 43.2034771549 13.3311542802 75.0434378009 25.6724879532 69.4779566303 43.6533951633 1.85188582074 18.3220043764 50.5705036031 
93.0899076902 68.7889195732 84.8499245347 82.5774831868 12.8703789266 78.7434988988 22.6695485959 84.9411487464 34.4603664156 97.2253354125 
69.7425660022 77.7699775532 21.6355710635 84.0704612775 80.8797683711 30.2029552766 21.1739896413 75.9861392027 51.8166288438 73.7061769233 
65.5633148003 79.071799503 24.789661647 0.557248287947 72.0951143916 1.40382294664 41.9089874351 97.6337593209 30.8411000241 54.1965790777 
