53.1310745446 57.5763141793 69.08507818 51.0982823536 19.7587244019 26.0198783215 85.9401243574 5.70913134869 14.8304393467 7.99022833382 
27.9641328423 47.9476844503 73.4463818658 9.7580999853 19.2470583485 62.35024421 37.8210195112 75.8456545249 75.6053758815 59.3859826929 
48.6460170467 87.8369814597 89.7697686254 19.863300328 64.6705190678 94.5884257434 4.15843317901 43.585170566 58.2992252171 56.8035275525 
25.913905352 34.442164787 37.187392487 34.177244839 94.9582326875 34.4032833381 9.28478485032 1.86189489732 90.5694078554 10.7263338891 
79.640320333 47.6124551765 50.9548356483 90.5879056911 21.6289541451 13.0539178962 33.1867723089 93.64568784 38.5707619385 74.0724178887 
57.9732526719 28.5895381978 2.19712150097 97.9677820004 35.1453424488 88.4431897042 80.8233432484 12.6163202447 81.0522391019 14.8958409783 
12.9716232722 30.7340560803 47.8237353508 59.7225825442 48.5290735587 4.831704532 24.0909790436 59.9328802137 3.19196650672 57.1492006949 
36.1737252271 74.2210884612 86.1441452241 44.3166470046 33.4060109326 49.0104184083 24.9333438735 75.6406640143 19.45279522 42.6680303109 
72.1908370014 84.0387418284 7.95012066527 93.7369067664 39.0697984894 30.3500690934 22.402316854 78.0696379088 55.2614853852 79.334387612 
23.8623336732 0.617230461713 77.0837617479 95.4728533989 13.8569298099 81.7451120619 0.564165753983 24.5428964884 89.1648121103 77.9469482095 
