4380 835
6137 9960
2816 3397
1966 7683
3674 4842
973 5963
7763 6878
6230 3226
4657 9154
3775 8539
9663 2791
9689 6690
8927 1399
3006 3595
3544 7700
918 3842
8112 8291
5347 9734
1783 285
2086 7703
7842 4333
7654 5288
364 7660
8729 4708
6724 3899
795 2765
5438 4263
6788 8359
7783 5511
9266 7754
4864 2385
4264 3125
6547 9850
9123 1947
1988 8600
1816 2428
2475 9200
9579 2199
3315 6409
6056 8338
6010 1778
8688 8884
8922 4316
315 2523
8980 8412
2712 7764
3294 7483
7273 8055
3430 3763
6335 3606
423 7196
7138 6292
7408 6531
6475 4202
2934 1319
5583 47
3163 4919
6823 2665
1306 7050
3979 3517
7147 4416
2701 2515
8952 9550
7093 1714
7229 5406
665 4417
6648 8183
4783 1043
3454 5219
2811 1448
6693 2477
6636 5658
2231 667
8429 2743
5020 9837
5652 63
2117 8833
1343 3726
4280 7833
9982 4282
1444 4007
9627 6186
3903 1917
2230 7327
4857 7349
352 9911
2801 5161
8180 884
5014 7259
4321 4137
2790 4229
2121 4854
5624 295
6236 5949
6309 7130
6648 47
9150 9967
8615 5129
174 6684
7470 1406
