7438 5766
2337 5000
7629 5263
6876 9559
3511 7436
3753 5479
3905 7283
8627 3135
9537 8599
7920 1713
7679 7281
265 6594
4560 9016
5053 9676
9538 2624
893 1958
4173 1039
8050 1651
1394 5949
3249 7373
7040 580
2406 6744
9920 6199
9906 4115
8732 751
3134 4289
1789 1958
3590 6604
756 5785
4253 4761
1938 7704
7403 7731
8804 7250
5498 4243
6145 8016
1308 6350
5602 214
4119 7649
3400 8451
728 6449
1777 5405
3659 6190
4453 5414
2892 1331
5189 7917
5704 4442
6948 6186
4603 4057
8688 936
7603 4324
2200 8691
1103 9898
5794 8888
6791 41
4908 3794
4024 6052
2519 3127
5389 4473
7870 5117
2123 7870
5221 5776
6371 9273
7952 8288
8612 6416
2631 7482
8980 4721
9275 7155
3464 4111
8026 6013
3930 6991
4273 6623
1752 6116
4576 9001
5801 2530
6287 6610
3328 5515
2930 6567
9355 2252
228 5923
1266 8729
7793 5983
4069 3996
6714 2201
8952 3841
6721 4801
4913 8482
3065 7828
7312 2357
9804 4406
9503 8265
3611 5146
1699 6593
789 855
4791 6053
2573 8640
6418 4234
904 4660
9611 7009
2347 6630
7429 7844
2724 4375
4794 516
7738 4827
6326 1699
8076 2874
613 9795
1637 1413
1712 6340
4055 2333
3867 7596
6522 6043
7032 4172
1712 1509
804 3744
5599 9557
561 9651
2289 2613
7628 4394
2072 957
6748 9163
7779 7321
3205 6611
8379 2732
8396 7283
5205 4452
635 3570
7755 2551
8741 547
7653 3466
7566 2168
1823 3712
1648 9313
6131 3535
8163 1308
6103 1442
1336 7424
1818 4112
3516 5889
8029 353
9420 6974
6970 6148
2972 7811
995 4664
7416 3620
1873 5697
8099 6046
650 5161
1838 994
5179 8482
4860 317
9419 8487
5618 9556
8835 8674
8936 5932
2132 2397
140 641
4725 7518
2277 8875
8460 8769
7964 9609
3909 4867
5014 3467
53 13
7482 5407
1317 3555
1545 6877
3344 2203
5049 5727
5038 5052
6783 4186
1050 5290
7336 3398
2114 2571
1765 5910
6344 695
5080 2349
1916 8415
1139 1057
6903 5160
9244 5382
334 108
922 2444
5867 3353
1320 2419
5296 5536
7319 3250
2075 742
7013 6173
2392 6536
8812 3055
2422 362
996 424
137 1346
8467 878
4150 2242
2503 5370
8520 295
986 6428
2921 6535
2550 6037
2368 8767
3068 5809
6079 3123
2712 8275
3290 3035
5587 8882
5368 3404
6824 9383
1227 371
300 3714
2866 487
8402 3811
4494 3522
5411 4207
7757 6336
5846 7491
6460 9012
40 1716
3981 7713
1733 2546
5533 5389
1755 7623
4779 5748
6960 7990
9463 8375
1783 6213
9158 6162
6402 1551
1627 9208
4230 3495
944 8533
8039 7534
4564 2197
5274 5169
5173 6683
6079 9866
8341 7414
5116 7302
294 9820
4586 347
9575 9518
6985 100
1845 1418
2555 5725
2172 3381
9133 1506
1848 343
4553 5510
8728 8659
4308 9871
9472 8322
3803 9676
837 9339
4202 2881
8679 1920
6776 7801
519 898
7529 3471
9502 4239
4366 5845
3370 652
6102 1654
1628 7773
5791 4489
7978 278
2032 3745
3809 4959
6823 9127
9763 6672
5983 5672
6659 2683
9222 9270
7667 3215
6130 7423
3727 5081
5014 9748
1333 6587
5457 8537
6492 8718
2462 8667
2271 2959
29 3811
3104 8218
5568 1346
5627 7356
1500 1031
9094 4901
8019 9796
3982 7821
4309 4250
6130 2325
1238 7717
1603 1605
4836 8336
7542 4740
4294 7455
6622 8101
9441 4924
2210 7442
5359 6273
7053 5667
9654 3513
7493 1449
7171 1043
7508 7331
6849 8314
3882 1958
4496 1272
7309 9899
9636 341
4756 750
6606 4965
7017 1002
2093 7629
6305 5095
9356 7943
2752 2645
126 5015
6130 4724
4173 5627
3278 3327
3327 87
2986 4402
7523 4022
7 1376
2492 9012
6167 337
6867 3592
7622 7367
7285 8748
6786 3026
8860 5470
6304 8081
3830 6038
3025 592
5292 4773
6040 7299
2850 7216
8532 2694
7889 1017
1204 8832
8956 742
3608 9761
2018 1580
573 9531
8052 6944
985 1429
4773 6150
5200 96
8046 709
5111 8359
8381 6538
5638 7131
1826 1442
2087 1815
4596 3621
7993 6490
7799 1968
5961 6944
6851 2893
7864 5494
4768 5300
8591 6903
3633 2428
2705 99
7253 2626
6447 5939
1662 8817
2588 6780
5798 1743
9052 3809
4789 7906
3638 9035
6765 9160
2690 8429
8682 7257
1204 9190
4689 6657
4248 4401
9303 1595
6494 4014
8825 6087
3743 4426
9555 5425
9402 5493
852 7046
599 2266
3178 5263
4217 4609
6949 8943
3485 8678
9471 3326
7414 710
2492 3922
1364 8028
861 4719
9194 3755
6878 7686
7896 2679
9470 5346
2743 458
611 8354
4921 8965
7230 8978
5310 5818
3499 1074
6539 3006
3798 6981
2966 1618
2325 2116
3031 7898
2456 3380
9164 8688
1328 4711
1340 4352
4765 8465
3398 4667
6593 1438
4813 2117
1756 494
4060 767
457 9221
6670 3073
5397 1111
9824 3666
6961 7063
4710 6838
6899 1317
2909 1049
9052 4355
3354 9059
2331 5203
7953 485
5174 4621
3110 493
7623 7500
6290 2635
1952 2276
7758 9521
8773 7084
7060 1080
9056 6373
2696 3525
7940 3366
8424 5529
6097 6672
51 9831
3788 7080
354 2437
6196 5380
1476 2524
9201 9241
7024 7584
1410 8114
7082 2876
5167 7189
8441 1299
6136 1960
9957 3207
3061 8101
2015 6918
5098 8672
4018 9537
3865 796
859 5563
1768 6275
661 5839
8401 130
1406 3546
4515 1810
150 3912
4584 7468
9304 5657
2764 8857
4013 8154
2003 7357
1425 2305
1176 3628
4797 7045
5291 9543
5622 4834
8435 5255
6286 5116
1217 5860
4802 4879
7403 9601
1809 5411
5319 1280
7731 2326
4608 2451
2493 2944
7481 8470
5947 3571
2041 4033
6659 4811
6527 3640
1103 690
5081 5211
9749 9219
5480 4962
7962 8421
6637 5732
9505 8912
3937 8893
4401 6889
4488 3079
2778 2532
8642 8016
5461 9139
6211 6835
8763 7462
102 5538
2856 7692
9208 7157
5571 9347
8974 8400
7261 7822
2366 9677
6159 4805
1870 1285
6886 111
4379 1124
3219 8875
4414 6633
8152 7578
8159 4035
5880 5272
6564 9224
6874 5556
2446 5971
9874 9449
398 9716
5189 2203
2955 229
7269 7705
1273 6693
1714 2091
754 2073
8666 1536
9170 1404
6407 3489
4462 4907
7967 9743
2109 5177
3192 1898
1046 6954
5728 4893
9947 8884
9502 4396
5514 1993
5100 6079
7854 3094
6535 8667
2001 2668
2638 2398
6946 4638
5455 8406
7428 4652
1056 1817
7218 6758
9313 2479
7633 2016
8758 8692
6458 4459
280 3888
3205 3575
7424 2328
9766 2549
7519 2047
7443 7854
7065 9859
5656 6017
5442 2788
1555 9732
8911 6816
6567 6793
2633 5981
5434 3084
6590 4104
8872 8127
4847 9518
9057 9482
8975 3765
6263 1177
4114 9812
7239 7970
5678 5075
1043 2963
3811 7618
6113 6529
3692 6165
7041 6068
5303 4885
8777 9417
5867 762
8674 320
1343 9514
520 8822
9944 3579
8062 9937
2262 3749
6050 6713
6545 4233
8885 5747
1236 4039
2730 2149
6005 6349
5677 7458
4747 2707
1681 6401
243 5339
6827 8266
9509 6683
809 9749
174 6520
9034 8913
3672 6352
8568 9090
2570 1666
730 5837
6316 1096
9578 2551
684 2359
2320 3791
8087 9529
7773 4393
4286 6232
4515 3706
229 5877
9746 2513
6396 3467
6995 8945
3381 148
5767 4101
5708 4529
835 2465
8157 1496
6926 2713
281 9012
5458 2239
6684 2593
2863 7434
2314 4355
9217 4573
2027 6532
141 465
9826 6517
1898 6360
1994 1390
2040 5053
5305 1122
3057 8220
517 579
3111 506
3972 4921
6487 4386
3796 9091
918 2787
2924 1338
7251 1288
9142 4643
2033 803
822 8658
1748 1318
8097 7146
6789 6773
2315 8113
8739 9026
55 7111
1860 5948
2592 8070
3782 9003
3411 8440
9142 6697
2729 9199
980 2753
1226 3032
3709 5597
1142 3886
3608 4629
3866 8140
203 5909
4648 2904
8111 6298
9887 7876
7314 770
1419 5868
4939 3901
7132 3298
3503 6493
7219 6799
1095 329
1946 1422
3429 5841
4087 6515
6483 8074
4193 4551
3069 822
2215 1559
7414 6753
7544 8532
8633 1003
7508 3640
2652 7793
5534 14
1188 4729
6409 4820
4605 9772
4607 3336
6374 1945
9320 2138
9687 5335
2719 4771
7055 4358
7354 1889
327 6767
9710 633
2796 5651
7825 6641
1991 8239
2451 2012
2590 4588
3414 965
267 3253
3837 9620
5742 8004
788 6550
6313 7791
1008 2366
8479 2515
371 1758
7050 3034
7679 4230
6857 5539
9943 2541
1533 9279
1657 2613
4442 5227
8801 7516
8839 4946
3447 5895
7114 7793
1378 8659
392 1563
4826 2364
3016 8606
2225 4945
6991 8799
3352 3836
7974 2190
6084 799
2766 6186
7774 2946
3650 3495
9660 7596
8769 590
2043 4769
4323 1645
7140 6056
2334 9744
8887 2212
6219 9832
9075 8597
9697 4812
5845 5556
9194 2257
3715 6386
6454 2626
2238 7911
2310 3683
8928 5024
3669 2185
1193 6674
8417 8327
1819 9983
300 5108
3921 5890
1364 3826
4198 5403
9274 9630
7201 3551
1367 5215
6837 1965
1711 5276
7551 9811
1644 5432
1997 2259
7165 9916
3168 1584
7961 4169
1282 6024
651 6945
6925 3774
9859 1299
2622 9628
496 811
1526 2183
7818 174
8763 5128
385 1681
5720 8046
9326 300
4107 9952
683 7351
2659 1663
6510 5832
4012 3057
641 493
1229 828
8811 6892
6310 1702
8241 6019
6570 6575
9716 6644
7451 8386
3999 9383
6890 3503
9769 2738
240 4175
9783 5958
7319 8744
6704 4341
9536 9085
1423 7545
3203 4497
5607 2976
2014 5739
4015 3215
4610 3301
2146 6411
4621 1876
9221 7840
2320 7760
2889 5819
9668 6957
7234 3332
6993 5736
7787 8423
1885 6627
4635 7884
7521 9858
9037 9528
2761 7370
4428 2077
7027 5668
7891 1285
7908 1950
5286 4819
5563 7879
2971 2983
4618 954
479 8315
5447 1551
4934 8299
208 6826
1670 1000
8696 7704
7977 1720
4645 9
5069 5067
730 721
3233 2568
3304 7262
9975 5217
217 6228
9247 4631
1324 1184
5948 1049
7040 7342
1404 7338
3532 5560
4103 3754
5221 7555
5369 1114
7863 4239
4513 2203
1598 6520
5711 1415
5387 707
4815 8477
339 9081
7534 3041
7498 7558
4937 7235
2811 6266
7800 802
968 8814
8831 4931
5223 5916
4281 9854
8202 6538
2186 3527
1605 7795
6409 3988
1093 7925
669 7294
6156 7630
5502 679
7186 3666
8416 5712
9060 4290
6406 8753
9542 5467
8791 4146
170 780
638 6249
7278 2079
8972 489
1829 3115
7519 4306
788 9044
3046 3030
1325 6309
3623 363
7975 8802
5650 6201
452 9337
5012 6716
653 5841
7208 9669
1124 5042
8140 3830
6997 892
7238 5657
6799 622
8949 2924
6582 1569
1444 1786
948 2271
9702 5400
6160 6577
6848 397
5760 3682
8953 7390
1725 7695
6119 2487
4986 1639
6608 3676
3414 3902
8871 8501
7397 1888
4296 7026
4049 7634
1252 5418
8114 731
6855 2689
2422 8977
2924 5740
385 5097
6616 623
4998 2989
8972 8591
9666 6926
1120 2447
6101 5341
789 1726
8752 4719
8032 2811
8376 6732
9458 8617
4762 4170
5793 7529
8001 1135
1522 9958
816 5459
7946 3674
3104 393
6132 5143
7261 8145
4307 7455
7256 1289
2997 2232
9494 2014
5009 3527
8102 6464
8504 1981
70 1268
8728 5511
160 645
8083 409
7491 5124
7116 1187
2051 8971
6118 4637
2799 4096
4184 497
5751 2264
1501 8511
3382 3325
8654 9569
6538 4963
9537 6786
8784 2276
5956 9810
1786 5513
2916 8865
2185 8540
783 9731
3480 3910
9719 345
3002 7141
1032 3661
850 7057
2282 9257
2457 7370
7683 5358
4342 723
2723 5691
3386 9218
9625 3935
117 5339
7937 8522
8965 1999
8576 4567
1137 5238
7812 9572
186 6994
7599 6171
9120 15
1657 2305
8960 606
6412 8782
5515 527
5285 9994
6744 2160
6598 3469
1852 8032
4868 1289
8693 5861
1827 473
6742 4123
607 9546
5997 6903
8128 8453
9827 7460
8864 9606
4518 2097
2000 8660
7495 4213
875 8291
6364 4782
4975 2882
3524 918
9878 9045
6375 6965
170 6131
8916 3050
8300 7653
9333 2319
4919 5478
3400 9809
7611 646
3680 8123
6525 407
8294 4305
9572 9608
5761 8157
3505 6848
1208 9708
9828 2237
8793 3505
5422 9164
358 5036
6586 7511
9427 4145
1750 9195
3730 1372
9617 4567
5688 378
1690 5568
5498 7991
9170 5838
5455 2189
508 2943
9002 8290
1344 6738
6649 4370
9519 6310
2681 103
3754 2964
1760 838
5240 8156
2176 6132
1997 4242
2880 9503
8822 5795
3385 2364
2001 5619
5110 6430
8085 4108
5442 646
2848 5709
3515 806
5113 1581
9466 3397
4189 5665
6013 941
912 8310
896 3477
8130 6453
819 8673
8749 8052
3303 9690
531 7102
7765 483
3276 8290
9300 7309
2616 7538
2420 1743
4914 1706
2595 9622
4511 4949
2778 2297
6959 1213
4635 3911
6189 5826
9123 7359
9446 9994
6070 3842
9826 7277
1697 8391
4021 5167
5140 1436
6292 9104
3041 7836
6171 8586
5899 7047
1636 973
2029 1354
3296 9930
6356 8851
8607 1419
3490 3848
5787 7431
9382 9289
4451 6489
2188 5060
9330 7313
2266 3074
6184 462
400 1632
5180 9382
5804 1604
9071 843
5151 2640
4808 5487
6073 4164
2068 7786
4409 3108
9553 3004
2736 6849
5205 6126
2132 6676
4610 2356
5236 9089
3589 1866
7747 2274
4145 9195
1109 3619
887 712
845 312
2943 3429
6526 6213
7603 8681
7273 5676
6874 3235
6212 5218
1327 233
7727 9571
5492 9562
438 1106
110 776
5140 3892
4432 3615
4849 9486
1054 6888
9291 4647
4694 4459
594 998
476 1637
3342 9847
337 3101
5768 7735
6924 9156
8601 9411
9084 7277
5681 6870
6503 89
4044 7846
8488 2434
6230 6012
9468 4376
9473 3101
228 2463
4211 9963
3163 2297
6888 7961
2215 2524
6406 4537
6238 4692
5992 3503
4792 4017
7701 696
5696 6673
3913 7804
1129 3616
4095 5718
5829 9269
4094 9133
2464 8095
6731 8167
3615 6829
5400 8022
7866 6636
7990 1547
4476 1082
3198 9040
1796 2424
1305 8220
8964 9851
1098 4777
1606 8115
278 429
7550 3755
1696 7341
7210 8909
703 3081
2503 2937
6397 8148
9017 5644
4157 7660
8492 7413
1894 6755
6138 3688
6688 1827
4969 3208
1397 2479
6556 9909
2238 4830
3303 143
9505 6403
9521 3560
2399 7384
9385 2128
998 1492
6795 7049
1644 7136
2422 1919
2401 9146
2004 1689
43 4201
6136 1733
7099 9707
9 4220
3401 3452
2520 8895
9016 1797
5712 8990
7512 8607
2376 9877
364 7658
2007 7247
5532 706
5896 1037
571 8611
5136 6401
7376 5340
9974 4403
4237 3374
533 1376
5488 5703
9502 346
4458 3596
2619 1677
1700 7654
8517 9750
8999 7149
8328 1133
1766 3713
4692 182
9181 7160
4409 5939
3133 956
119 8150
5043 3182
6142 2092
6888 6217
7969 5406
3429 5881
2364 8549
8727 8624
6688 8891
4875 9938
7719 8076
223 5459
234 9237
4157 8232
8936 7974
1060 7790
7365 6501
5413 5725
7330 6556
7124 7790
7252 82
8283 3494
9728 255
9575 9427
9120 9415
5921 8948
1974 1909
2942 8178
5537 9919
6133 9174
8347 9078
1583 8385
4988 1477
5842 76
4450 8454
7299 7818
9538 7298
2576 5415
5167 1264
362 88
1693 8349
4096 848
6822 8926
1140 7179
1822 2941
1043 8275
1489 4439
3079 1893
3399 3087
6185 3445
10 2937
5412 6550
3058 2797
5778 4709
1759 3208
8870 2576
3308 744
3514 7164
7502 5310
2672 3186
9818 9749
6629 6923
7767 359
4359 8294
7850 2717
2500 939
5640 3120
4220 7940
4442 5876
3247 9743
6251 6588
9386 7696
5811 3366
6354 7721
5364 854
4776 855
2000 9399
5276 7653
7625 8719
4934 4224
6277 9186
5959 9259
1708 3802
4977 3780
5550 7824
6510 118
8714 4277
7309 2629
2320 4433
5744 5910
2118 2446
753 7059
5823 6672
7125 2327
7042 461
6300 4420
7136 3353
9316 8283
5043 3074
9824 9435
4056 5461
7127 6032
1480 169
4103 4740
760 4600
7590 559
6317 4840
5729 8029
7118 4288
9696 6679
1529 3035
108 5377
4955 1227
4068 5915
4880 774
4726 4662
5998 7204
1249 6974
8080 5823
2957 3735
5709 7176
5407 2347
7831 9430
5242 5502
713 9428
2364 9058
2101 4761
2548 2441
9785 5427
3126 6264
7836 5074
9533 5854
9741 9171
7781 4244
3906 8507
9551 1287
609 8726
3971 8379
470 3314
5975 7848
3253 9696
2613 3138
3871 5211
7437 414
7768 3750
2719 3284
6004 88
6849 4570
8792 5243
8343 2148
5420 524
238 6297
5351 3181
6738 375
110 1228
2923 9355
4624 6149
8581 3313
5923 9220
9218 9007
1838 5972
2784 7388
1049 1090
1822 5015
5367 7134
3830 6684
4109 5485
7168 1467
8263 7802
2977 8858
8680 9000
9453 4704
4651 8189
6387 7757
8737 7637
8141 2551
4241 4413
7981 5218
8713 6490
1697 9498
3396 7850
955 5787
6268 7216
6767 8697
9257 7160
6380 4422
2861 8125
7672 7606
7715 7478
2909 5823
8077 8191
4529 1628
8150 2309
3458 9072
121 7602
3221 7806
7753 9590
5386 5486
9883 7741
1688 6757
1634 1979
6513 3326
4790 7122
9550 6924
3138 3444
9296 6780
1689 6229
7231 869
3341 9761
381 675
6268 3529
3642 9876
7030 4198
7186 7222
8666 9147
2529 8280
5349 2100
9955 5411
4141 7794
8751 9070
1625 7232
3847 696
734 5534
9909 250
9723 135
2843 1152
6182 7082
4180 7423
6243 6451
2882 360
708 5230
7531 4789
9182 4186
730 3218
4289 3451
4193 1161
6031 2789
2577 6022
4038 6807
9222 2657
3036 1652
9841 5317
6511 9364
3714 6937
7585 8558
7579 9642
7925 1783
9068 6896
5419 6362
9509 2270
526 3045
6903 5839
3977 1050
4665 5902
9293 5782
7059 4268
8125 7461
4950 4518
7561 157
1178 8870
9137 3620
8987 4135
3127 9784
724 1022
4864 3185
9305 7093
4675 6119
4870 2930
2770 6932
2665 4506
6046 7056
4231 8605
955 79
3073 6635
2748 2104
9516 7858
5217 2230
7837 4368
9534 3790
643 5905
4130 4125
1659 7324
2410 6826
7564 3971
794 3041
80 1403
4717 5131
7820 4985
2315 5590
3839 9983
5365 3018
1597 3057
4557 7002
6021 5022
1316 1478
4990 3345
5800 2207
1939 5163
8129 3088
4850 4616
1281 5509
7877 4392
9843 1970
3512 3038
4312 3934
8550 4551
4262 9441
573 2515
2753 3287
6020 3061
3938 2824
5075 2154
3519 9746
4382 9046
7017 418
4668 6164
7999 2162
4274 2550
5333 3548
3060 3812
2257 9027
8183 9701
4900 4336
9839 887
3644 7743
8141 1334
8657 662
8036 6416
9285 7574
7186 3065
238 1965
8364 2436
428 7789
1 3251
7326 6766
9392 3841
5326 8328
6833 7372
4489 8315
115 2307
964 5480
1992 4091
6332 7221
9386 2843
7439 6431
4155 8957
3077 674
7517 8611
517 104
9174 7606
1055 7030
8945 9096
3621 9308
9498 5819
1353 8802
7089 61
9518 4334
3092 209
8742 5636
9170 1524
4042 3614
1906 9518
2936 506
5831 4084
4780 7424
9707 9403
5228 5803
3072 4661
2056 3590
8430 9213
2642 5681
5149 8321
8556 4095
1312 3120
4607 3275
8524 8314
2185 8847
7223 2360
9700 4186
8319 2552
7690 3987
9102 3162
2834 2249
2282 1093
340 1923
2993 761
16 4680
4719 5061
8307 174
1888 2120
1238 1912
7493 6509
2001 9477
6682 5062
1709 6710
6861 3903
7096 1385
5521 8271
6438 9008
8713 4204
4484 2557
1155 8582
5349 9634
2400 1388
2387 806
4163 7345
9765 917
3675 3957
9806 5916
5154 4057
1744 4643
9394 669
6919 9779
1000 2193
6091 6257
8774 3775
3901 9022
2881 9517
1585 9731
5006 4205
5949 8881
4501 8711
8169 869
5035 2634
2577 4491
2933 815
8709 983
9900 7472
4524 8017
1270 5524
8387 8428
2449 4250
2009 8709
8204 6512
7516 6775
589 8990
2440 2217
4128 5980
980 340
2937 386
1361 84
2637 8452
3750 9606
1876 4684
9039 558
2965 8034
961 2527
6471 8645
8511 8340
2601 1731
8634 2537
7474 7555
5695 5662
3879 8124
7133 5921
3695 1342
5561 5866
1236 5391
1919 1486
5523 9286
9902 2440
2311 8107
1885 515
767 6651
3644 8376
6397 5084
3216 6531
5269 3673
3605 7758
9864 8638
8591 5094
1072 3108
5050 7554
3586 7504
4893 8122
7225 9967
8959 7591
1264 6233
2104 8673
1509 7606
9530 9870
8496 2555
2741 8235
1884 1789
7068 2097
1322 8577
5464 7783
3768 6814
5025 5635
9512 739
8333 7425
2421 8646
4172 8965
4569 6001
8065 2758
5223 5431
5745 6771
7441 7585
9972 329
3498 7555
7336 7161
7500 2865
6536 990
1531 7230
6301 2152
9671 1308
106 5383
4671 834
7996 4240
6694 6056
7143 5567
9374 5757
8757 5816
4556 7666
7117 8262
7418 6677
7090 6287
2176 7088
3474 2646
2186 8341
7125 1290
9268 1960
527 1924
502 6355
4363 1209
5277 1337
6564 7539
1676 5786
6831 9060
4824 6428
8743 5070
7627 657
4393 1852
2878 612
2802 7226
890 5004
4096 5395
4697 4593
8313 3610
847 5825
7860 1716
5597 3412
6772 7343
3140 3171
5459 1467
6715 7584
4842 7094
9491 8638
2348 7827
6290 528
9975 4074
6796 3321
3492 6698
3753 8288
3417 8826
3178 4184
2744 7525
8062 3351
831 9321
1689 9505
9558 6066
4434 7721
204 9568
776 224
1952 3782
7545 1021
8498 1786
5139 1866
4000 4598
7216 8985
9523 6150
9650 1148
2837 3272
5799 5705
4879 1241
4695 6258
4494 5412
9558 2129
5428 4398
6761 5519
9319 6181
1926 8673
1505 748
1291 9673
4207 8680
1847 4285
8242 2881
1089 8198
1815 3075
8370 1580
3791 652
1414 6806
5545 3736
9995 6544
6141 3484
3226 2159
5815 5490
7506 1035
6065 2058
2183 2670
3134 4716
6690 8932
929 3140
3796 1163
3206 226
478 9843
1555 3370
620 1364
2609 8937
7783 5179
7395 9551
3535 5729
4836 4251
5038 7353
1792 1374
7910 1141
7301 2538
1976 4236
6397 86
9555 8916
6375 2777
1013 8987
2582 2100
167 4064
3465 4792
1172 2147
1462 3615
4031 9877
7254 2725
4353 8958
1192 6565
2091 6065
8095 7168
402 1056
8087 9162
3694 7496
7146 4631
4167 6266
3230 6948
6029 7185
4105 1250
9328 2752
3054 2687
9780 2417
2805 7262
2296 1553
9286 8751
8771 9210
947 897
4092 1080
3723 9941
8477 9596
5412 6264
1191 5616
9020 2898
9971 464
1202 9657
6047 4034
433 597
1345 3390
666 9606
2240 6273
4742 7224
6235 5525
3582 2314
8553 7540
1478 6554
5374 3327
5549 7433
3995 8937
883 5315
7782 7921
806 2267
401 5520
9293 9915
4274 8337
5549 7237
3707 6497
6918 321
2105 9040
1048 8333
5728 1127
2291 2047
4091 7884
5427 7444
9098 8489
6830 4322
2052 3724
9759 35
7546 5518
9101 2274
1929 4045
4280 9915
8580 4408
1822 1921
155 7239
6145 2173
1850 994
9094 5290
7155 8778
4680 6422
8870 5350
7025 6608
5329 6589
747 5976
2362 1159
609 926
3116 6952
4313 6292
6251 9722
1072 3056
3665 8435
3541 7505
701 5633
3112 4508
615 7208
8195 5982
8628 6482
1800 9475
7321 9768
7973 8076
509 9285
1636 7332
5306 878
8206 120
7439 8164
2093 9568
5664 10
9229 4915
6648 4691
6773 6932
1121 1567
7880 1107
8267 4569
66 7404
1812 52
4633 796
658 7663
6627 5610
3045 759
9012 7595
8470 8062
4469 2815
1241 5152
5436 1284
3733 8332
9145 4568
9431 7745
5386 7859
5117 6127
6015 8245
8180 8742
8348 2042
2263 9217
2688 2686
6800 6393
6939 7576
1883 6914
7514 6039
664 9036
5370 107
7647 9223
429 7787
4333 5399
6393 6493
9286 5158
2742 9428
3838 3419
2343 7984
7305 8937
5904 1081
8665 2388
2735 2781
6840 724
8608 1620
5830 9899
1163 1760
7082 9020
6757 1349
6906 2044
1284 833
7915 3342
4728 2988
9223 7091
1616 9549
9298 968
4351 3257
3329 9915
639 9586
4464 1495
4495 6581
7812 6880
681 4690
8791 9189
6109 8217
6695 9060
9148 9314
1127 123
4757 9397
9506 8018
7408 7186
2085 2536
5824 5903
4718 1936
3652 2310
9610 7382
4687 2762
5953 8770
4817 6290
3854 8739
21 287
8076 6295
3923 9817
5474 5053
2096 8755
3192 7579
9369 9896
3563 3923
5725 4898
7710 4173
6189 326
8915 2367
2049 5776
2179 7883
7342 5071
1891 6128
9848 20
2206 5724
9501 6611
5384 5710
120 376
102 8629
459 4404
3656 521
4265 4277
4066 6699
1677 7620
2324 7133
7326 468
2949 3400
829 6558
5377 2694
883 7374
686 4234
6531 6069
3784 6025
213 8639
1384 3738
4727 5680
2086 5538
1169 8639
3656 7979
8610 7125
3426 4917
3969 2376
2889 8146
7737 9315
6668 7964
862 5573
8528 3142
4313 9520
5536 566
1367 1379
9302 4946
9296 3693
3235 343
8053 2367
9894 2364
3635 2682
5031 4096
2844 6295
8599 1019
4159 8359
7785 3331
3803 9886
3664 2987
7755 1555
9513 6797
8190 9082
6908 5216
9455 9798
543 3654
1302 1343
7861 7532
4224 1268
4308 702
8318 7035
1277 6425
9451 2768
8455 310
7869 5063
4630 4113
4208 4337
2571 7222
9899 7321
2488 3326
394 1292
8440 4464
9400 5563
7074 9577
4325 2074
6439 9624
4091 987
8422 5111
2839 759
2148 2006
9563 3805
8955 1445
9172 4036
9587 6884
4458 5175
3199 5984
5838 580
7596 2806
6908 4900
3386 7286
9996 9394
7717 660
1907 5807
2170 6469
2028 9273
1105 7194
7059 3476
9026 7194
316 1654
9404 2483
8032 3537
9842 7839
9113 8839
6982 3387
2765 8645
8227 2945
3217 774
4583 6456
5542 313
4500 1842
5970 7590
554 2902
9624 6899
9943 902
8825 3827
5514 5353
910 5829
6128 1208
205 7511
1464 3624
9022 2992
9343 7456
1265 8266
3134 270
1669 3114
1839 7891
9017 3528
6916 5397
4232 7595
5690 4887
6519 7513
9020 3398
6774 7625
4643 6100
4951 7324
8533 1642
8129 6316
2574 2136
6924 4837
9181 249
6186 7479
6854 681
8319 5457
5574 4962
6054 4284
6290 4694
1875 3363
999 6634
9248 1486
7149 79
8813 6825
5991 7669
365 6345
4579 4568
7815 817
2830 1228
2017 6300
4435 746
6760 1686
2085 8187
1004 717
229 4177
3625 261
6035 7182
6299 1991
5828 3835
4271 4132
5966 3736
1624 3523
810 2965
334 484
6301 1209
698 9214
543 6707
1744 1217
4854 3270
2983 8130
8287 5208
5438 3036
6412 2198
2396 6705
340 5887
8550 5508
9906 3427
4192 7968
4407 4430
7826 9591
1038 8280
201 9895
288 8404
2896 3414
8178 4509
9232 3166
4546 8989
7163 4920
4785 5286
4230 4377
8682 7245
6957 4320
2936 213
1287 6856
1557 9230
3836 5655
974 6714
1543 9895
131 794
9473 3000
3857 9918
93 6130
405 2915
9940 9517
165 1923
9007 4432
6103 8990
8530 4470
8481 9746
8367 9434
710 9203
6332 9972
7211 3773
1059 5530
6811 625
2813 5048
6565 2532
6319 942
9672 5560
5470 7768
7293 8755
2857 2659
6848 5932
883 4104
3590 8108
3063 196
2463 291
758 7952
7555 133
9686 6265
7756 7077
1753 595
2782 4200
4212 7346
1467 1075
1176 2893
2772 619
1598 3907
1009 2729
5854 4689
9562 3940
8080 9074
7310 861
9352 8108
1427 5389
7060 6049
3647 1015
7159 8182
163 8402
7549 5596
6693 5084
809 6636
5023 1462
2829 2816
667 7003
469 8095
1536 583
8251 7423
5114 6932
4012 5164
5678 1140
4994 9334
5587 3536
1005 1676
7378 1072
1594 6087
9626 2687
341 1355
5675 4019
7783 6842
5935 8522
235 9549
6483 9401
2872 7867
7037 4773
8528 805
7708 393
4640 8983
5851 3629
1247 4081
8865 282
8350 8421
9542 2673
7134 1449
8094 8163
7725 7546
2373 9559
2309 2542
3630 1107
6574 8204
3184 5689
2263 2
2799 8521
13 1752
9234 731
7663 8171
8324 1076
5959 4593
7975 2033
4027 9361
5822 3621
7982 8360
4698 5379
3776 3927
8909 6625
9596 7265
4825 2484
1504 6905
7453 7728
3089 7226
5565 7285
5762 652
9424 2393
2661 4289
4144 8683
4215 8834
7815 7404
8630 1430
7587 741
1255 6975
9865 4568
5503 8401
9008 5434
3595 1522
6781 2452
5160 6637
1995 4874
5079 9014
7479 8857
5451 4957
9963 9488
5577 5891
4972 2309
9421 77
949 716
1945 9561
6574 7211
1728 7742
4181 8519
7844 8134
7418 7326
5326 4962
7679 4582
1578 2810
964 8412
6825 3971
728 1266
8382 5468
4243 3286
909 2248
5336 5575
2519 8691
2994 3105
8785 6030
8659 2259
4120 403
416 5323
1726 8934
5316 9571
8285 6926
2152 3974
4917 3743
639 9284
6636 2833
6128 8852
2302 850
2424 8363
9395 4884
2580 6322
2362 7314
6409 1126
3379 7086
2479 7711
4314 9698
345 7556
5496 3813
9055 8976
8428 5137
4492 5430
5102 2128
8600 2688
2818 6995
9858 8334
8422 4313
1864 8286
4293 1876
5998 2036
2313 8692
349 722
4206 3478
2721 1889
9847 5699
1985 8815
6372 9464
1471 8656
1616 3170
8069 2262
3993 1937
8395 3817
9724 9485
3041 8911
6269 2821
993 6218
533 4860
2606 7534
5998 8886
6725 6934
7388 496
5170 1155
7623 7122
4434 4347
9384 4080
4361 4180
7527 2142
795 2530
9929 3507
8912 3212
4894 6913
5540 7503
8522 5863
6988 356
3489 6478
9891 7072
5404 2364
4585 3669
145 7687
3249 6967
509 39
6409 9484
5690 3826
7734 8481
5126 6333
347 2291
3070 9747
8843 3049
3928 6733
2498 6063
6763 8218
671 1698
9912 6599
8401 9533
3724 4634
590 8903
6767 1019
2328 3048
9474 4203
4415 7974
627 7428
5626 7816
5598 4878
5847 5043
6908 7389
6420 4144
5507 7511
8339 8135
4114 7897
2434 4451
3747 1278
9020 2149
7953 7894
7254 2221
8708 4908
9707 8359
6806 6893
8762 3010
8156 87
4109 5842
7490 7404
1792 8528
5942 8997
9950 8054
1264 4014
2686 6727
5803 2733
6661 4896
5555 5246
6823 4538
5108 3820
321 6433
5511 8080
6947 9746
3547 7265
2355 6481
8699 4483
5029 6115
5771 9465
6138 2077
8400 3038
2067 183
9607 67
8575 3827
239 7395
9214 6541
3907 7563
7433 9972
1382 4267
118 3562
5209 6726
6638 2661
6042 7790
4111 4658
6650 8873
1680 6645
6873 1755
7686 9600
8953 6116
2813 6132
4154 4513
3260 7260
3303 3569
2538 738
2541 8310
1890 3256
269 8568
9443 7192
4462 6602
4754 1161
2440 8083
2479 4151
5001 6899
5170 930
9856 833
2412 3481
7560 8142
404 9998
3046 6761
628 7468
37 2097
2539 7294
8502 6463
6036 2572
493 4661
6684 8018
4663 4160
8572 9306
6653 3522
7304 3311
1603 3575
1217 6953
8525 6441
4026 7511
1488 1508
3933 6353
263 258
159 9311
6081 1518
7874 767
7147 3905
8724 3246
9618 3252
2307 8693
4984 8273
9309 6195
4406 9333
4158 3566
1595 7892
9754 8378
5743 9130
4126 9225
245 4203
9465 8093
8078 5426
4921 5185
7955 7144
6271 9424
3250 9987
3422 3627
9916 8012
6589 4124
7681 704
1844 9068
2871 4790
4863 7932
5401 8899
6714 8150
3621 9482
1852 276
9786 1138
7608 9391
3495 2271
7568 2934
4094 8653
8528 1675
681 1661
5861 122
8311 3541
4297 4807
6758 8953
3760 4496
5090 1236
6116 969
4372 4922
2679 4998
6220 2042
9144 153
5102 774
8622 2536
4439 1140
5159 5137
7431 5240
2681 1822
9881 8366
8993 9141
4816 2532
9948 6254
9021 3591
4303 2207
6042 5083
7596 5163
5697 7740
3817 5512
2875 1585
3733 8826
946 9126
1173 3320
5083 6767
5830 5165
4190 4361
9151 9917
5752 8399
999 4626
1937 4613
5730 8560
9596 8175
2768 6095
6721 8101
6075 6298
6284 2276
5932 3197
865 3794
205 5276
6526 4971
757 1850
3464 8409
4796 8379
3990 3582
5669 6403
2700 3693
114 1896
1089 8215
1544 1115
3368 7390
7374 8237
7961 708
6763 6892
6702 3946
9728 2125
7978 4898
7124 8057
3964 7384
7392 6134
4753 6266
3558 4374
1784 3147
7137 4536
859 3222
9603 7904
1820 6507
6899 8989
9174 5516
3461 273
705 330
8532 3826
2790 9863
6774 8629
9325 9869
378 9820
5721 9519
3880 1066
8106 3782
8330 458
2601 157
8514 8644
6801 4867
2521 9499
9097 3036
7170 994
795 1536
2582 2880
7588 7611
3457 5401
8807 2329
7761 1693
2453 2423
371 2785
4927 8927
8737 1734
4368 508
8099 279
1778 1718
931 6483
3577 9267
2885 9513
5462 7905
9551 2095
6252 3155
7325 4061
5561 7270
175 3338
2673 4627
8268 8361
983 2981
6487 7658
8958 2868
8531 3114
8578 7240
7382 9022
1869 7850
9778 6845
9646 9742
8684 8020
146 9081
4431 2312
7510 3208
18 9261
7370 2811
9629 2693
2879 1344
6343 7099
9429 5166
6748 4928
6929 7561
9259 5999
6342 3079
7190 3109
1395 356
3842 5898
606 374
7025 6418
2063 4962
192 144
6962 8050
5295 5161
8536 9099
2522 8914
4489 3253
4816 7327
6590 3708
3676 6465
9013 4287
3233 7568
619 8788
7906 5326
9043 8090
4630 1590
5624 1518
2535 5207
9604 2831
5451 6497
4330 1136
6646 1741
6858 3045
6754 2522
7266 9974
6349 827
6415 19
6104 5749
1269 8601
4736 7144
2969 818
5393 6984
9449 7046
6748 9072
4405 4888
6033 7351
942 1008
1398 4179
7558 2072
9871 5072
6418 2961
3154 8672
1120 9198
6767 9257
9870 5676
4967 4924
3871 7339
6469 6355
7096 7251
4307 67
7387 5700
7976 8728
2212 5250
1764 6721
5617 3481
2897 2344
5866 8590
4921 2856
6049 6421
9560 4982
8284 4468
9534 7124
459 3981
6522 6306
7333 3971
2221 7802
3654 5545
2904 2921
679 3724
3818 2151
6896 4674
8000 8977
3411 1723
4642 5794
905 9990
6864 6149
5457 444
3393 1497
576 6161
9010 3578
480 2707
3265 9679
1442 8274
9587 5871
821 5800
1052 6387
6642 7910
8901 9019
9244 8998
2307 5150
1976 4222
7207 7964
4542 7065
9145 2214
8767 8253
9477 3469
1106 109
5065 8870
7073 19
8277 2178
3398 1070
428 316
1990 8357
8561 7056
6879 4079
8742 9436
9101 3891
7994 8900
2360 178
5491 3644
5312 677
1112 3566
5940 9676
269 944
138 4895
6188 2840
8565 3094
6758 1382
9565 2309
4102 2296
631 9245
3746 3931
5670 8557
763 1610
4743 6260
9135 4406
6967 3735
7273 6140
4241 8584
1821 4585
9760 9184
7805 5836
8147 2962
4919 2045
8714 6653
7116 8272
3861 6301
6075 2134
6994 7802
6732 357
3968 6059
8106 6832
4494 5808
3575 3731
2921 43
7485 4217
2831 1804
692 1391
6645 4804
5750 8143
2366 7199
1123 6341
5365 227
2627 2929
5169 9381
1515 3083
4216 8640
5317 3447
7388 2337
4849 2526
5299 6183
353 1456
3721 2705
8449 7168
4503 6348
1570 6153
9042 769
1937 2832
5979 3037
2706 3291
9655 7030
5936 5890
5653 6730
1622 2717
746 9923
6639 2793
1411 9401
6635 6248
8997 7149
5175 446
2677 9470
4844 2776
530 307
8137 4482
5134 5803
7026 2701
4528 1229
7527 8376
1004 7457
7702 9735
8388 9413
2301 4825
8011 6857
3955 5132
339 8650
2984 4702
8557 9725
5525 7865
7485 8
739 1102
139 1625
9191 3842
2291 9219
4386 4824
4603 7682
5251 5387
116 4592
3801 3861
6423 5085
5040 3067
1996 2206
9313 7932
8464 2683
1635 40
1300 2667
387 243
1761 385
211 8695
4831 848
2331 1179
6667 1942
8656 7036
3692 1215
8242 5237
4988 9658
6973 8172
9516 3846
7622 2907
5213 2211
4046 1419
116 9836
3825 3330
8064 3046
149 9531
4754 6904
2882 527
4027 1647
8052 9870
5761 6828
8565 7489
162 4842
4009 4044
2058 4769
4672 3441
2148 3980
9481 798
4171 2850
6794 2917
5129 2313
4744 3023
6309 1824
9151 609
1811 5817
7727 1564
5999 9109
6017 1231
6185 1292
331 7750
441 3359
9406 8249
6085 1902
1304 1717
6595 720
8683 7562
3109 3097
8579 800
5515 1276
158 9906
8108 1417
4311 1305
7232 1624
911 2296
3610 5224
6814 4749
807 4816
8643 8412
9757 9695
2061 4689
844 2064
811 9648
5167 6007
2708 206
2199 1594
4889 7852
1245 1886
5454 1219
4137 2227
3113 8102
8099 6065
3466 2609
1997 7646
1182 4713
6284 8013
4363 5139
9850 6295
5418 1470
8493 827
9611 6740
108 3464
1475 3494
8644 6803
1503 6013
6804 7773
1729 2544
1011 5956
3783 1263
7064 2291
1865 952
6933 9563
4049 4693
870 4685
2548 2068
2977 3809
2953 1224
2469 7036
6197 1985
6099 4949
3635 5816
4970 1871
4920 8805
8155 3539
427 2843
1858 5076
4791 8493
6111 7301
6283 6756
6725 843
9226 2614
4893 449
495 5019
9567 8141
5785 6950
7200 5100
5347 9636
1769 8973
277 2077
125 1181
8144 5916
357 9560
2123 1747
1632 2326
7939 7568
7847 318
5459 6175
6802 8867
7374 8385
6352 6036
3470 2835
6094 2560
3656 5992
1137 6349
9260 8429
2218 3729
7244 7273
8343 2495
9142 8649
6451 2283
6833 2936
5081 2131
4398 909
9590 903
436 1717
6595 6515
9920 1250
3219 1158
4546 549
2983 7600
8539 2624
7103 1585
9447 4193
9834 7457
3363 9575
1314 4403
769 4383
8623 2989
7345 6482
6500 30
209 9819
6823 321
5572 4908
2770 8193
2253 4547
7162 8441
5658 5923
3555 487
7927 9432
4216 6752
9665 2312
4137 1075
8433 426
1304 243
7772 2419
6458 7795
8234 1186
8433 5040
2804 2094
989 8106
3532 8809
9411 2738
5376 9931
6683 9840
1177 7219
1491 5071
3070 8148
1895 5151
6476 5871
4785 9727
1315 8702
6045 7576
1803 5332
6925 4710
8114 2603
6334 5757
1887 3955
9530 3003
2803 3544
1974 7635
8092 9765
8488 4982
4325 2647
3305 2286
4130 5436
2332 3105
8008 3404
1934 1691
5282 619
5146 7530
5326 8912
6236 5070
4691 2644
6337 2981
3595 3956
9082 762
3682 4700
1626 9488
6975 1218
2581 4448
3394 914
4855 8338
2816 8200
3217 1732
7787 2494
4692 7177
4958 1386
8225 8819
2954 9142
2257 471
6220 7343
9725 7926
5519 4769
5128 9902
4574 9426
3764 9546
6376 4900
2543 9675
9923 1761
3954 6893
1192 4562
1038 8802
9918 1308
8032 9170
2720 3012
2112 3800
1864 6810
9631 9244
2309 1938
7882 4677
5074 9969
7113 1006
4211 3606
653 9412
5557 3649
6688 1879
8020 4402
1864 6109
1508 740
2413 107
806 6086
9041 2173
5503 6820
4526 5104
8838 250
6814 2228
1266 4468
1131 8414
9944 8263
7756 2638
9205 7015
9016 5222
6154 1496
2246 8736
5467 4196
6154 8001
8474 369
5938 2389
4351 4172
6456 1156
3305 757
3306 7341
2151 7461
6973 5182
3803 3576
5585 2664
5079 4183
7490 2944
3993 2438
7411 64
2794 6619
8184 7102
5525 1316
1551 4948
9163 4522
5589 724
5500 3808
5260 225
3752 3353
8727 2119
6130 4716
818 6228
7738 1213
5810 7493
8552 3029
8728 1609
4769 3321
2638 5882
3272 3496
1266 3277
4091 2822
9949 1844
8568 4053
9064 2720
8786 1567
5020 8912
3097 1956
39 3267
8851 352
1899 3608
608 3818
9135 8474
2097 5791
5596 915
9261 7448
7345 7491
1406 6254
1116 9632
7748 3279
2709 6203
6216 7026
6952 64
2490 8192
5543 4563
6543 8091
5830 6995
8847 8405
5544 560
2865 8576
9800 3700
466 3444
1978 9528
8221 8139
8779 5214
7386 9107
9396 4071
694 2562
3292 3674
8910 3197
6350 6399
5945 1643
1163 3606
5646 4511
7660 25
5694 7816
5650 3606
8338 5324
2977 8391
8928 9723
570 4381
7144 4092
1697 8720
2042 7053
2324 188
976 7303
5603 6226
6733 1715
1368 3535
869 5071
4321 2989
5009 1602
1108 3996
855 5766
9869 713
8195 4801
7816 7229
2356 5566
7802 9200
7095 9419
2008 310
8510 4662
7975 6754
1291 8119
6659 3139
7913 4302
6968 2656
6581 4532
6482 4594
4957 6659
9302 3659
8101 6163
7503 2038
4135 1830
3554 4683
447 4276
6791 9722
7434 2885
7386 6221
5898 8845
7956 664
9845 6134
1913 5
3764 155
9643 6541
2666 2917
4834 8148
3399 8159
2190 3503
8050 9831
8741 5018
8067 9257
8499 8179
2926 5623
3945 6846
9958 1617
6862 6410
1078 1899
1044 3501
5746 3712
3527 7267
4279 1140
5185 8764
3639 2528
1280 9291
4561 9305
3026 7372
7091 9631
5468 7761
9865 154
5247 2705
842 6700
9321 7995
2693 2320
2301 7743
7770 6478
6839 9696
7399 8629
6129 1997
2917 7294
1209 9295
3546 144
1040 7248
1267 988
7134 4266
1001 6158
607 1662
5923 5419
4527 2612
4910 2645
6167 5860
8434 4227
4307 9060
7424 9519
38 9231
1652 3487
7343 5644
7702 1727
6650 1211
6043 4808
3399 5383
5657 196
5243 8799
6277 2160
8922 5150
3578 9659
2516 8898
7178 4315
3308 10000
2743 1781
5186 4217
9829 4531
4331 8888
5246 8723
8820 3155
9864 6874
5171 7393
6291 3933
3133 1907
4364 2943
242 6777
3100 6736
6264 962
1730 1633
6033 4161
5616 8755
3100 3942
1544 4321
3734 6922
5998 7687
4222 4528
3231 7777
3977 6900
7191 2098
7617 7275
364 244
7490 918
4751 9927
6543 3328
9133 7788
4722 306
7668 820
9048 5955
3748 262
5716 6549
7773 1678
8328 9174
680 7108
7624 3916
5368 3078
693 8919
7958 4264
4309 2586
9073 2592
319 3799
6533 9167
224 1190
4487 5132
2669 8941
6904 40
9015 393
9265 6718
9567 7191
1576 1303
3871 8901
5154 3719
1330 513
381 8105
3734 4061
5015 8026
7894 1613
356 2632
3736 9714
2761 4966
5242 2307
1313 7843
6315 7199
8367 4288
725 1985
5702 9015
2974 8235
6971 9997
2192 6583
8066 4833
4347 3751
8568 4736
9789 2663
492 2579
5884 3181
5069 8157
5426 6634
9170 9460
9397 1675
4890 1406
4135 5453
6845 2456
5656 3904
6661 4488
5969 506
4350 8380
5685 3405
7369 8647
9854 2411
4674 9056
7308 417
4177 1123
3322 2006
1422 1609
9382 2433
583 2248
4043 1278
2174 615
4788 9100
4880 1986
8316 8926
6633 9139
6817 6200
8354 4240
7884 6245
4947 7284
3254 7965
7741 8698
6272 7546
9148 2198
7 9247
6811 3628
7741 5002
9469 2662
79 1216
8825 7386
2071 4607
2440 403
2432 9710
2881 8117
7744 7395
714 9405
3144 4374
7428 3546
6055 3237
7673 3954
403 5475
338 9796
2870 3201
1213 7120
5254 6914
5290 74
4742 9394
6790 5660
3699 1930
1660 5060
1825 4392
6002 5337
2632 8812
2115 9162
7617 7328
9091 3414
5107 946
9323 9099
1147 777
4321 277
4281 3843
1469 3082
7273 7192
2107 6833
2373 2879
6902 8270
6169 8902
8849 1839
401 5313
2705 978
1117 1668
8840 9760
9287 1744
5722 5460
330 9726
1520 3810
7638 2300
6786 6113
7215 6868
3773 7473
2977 2867
3130 4955
4442 5089
8901 6546
4487 6047
8903 1828
1275 6421
724 8672
4907 5570
1036 2691
3432 9867
4933 5532
8088 5642
9901 5777
3763 1622
4157 4820
5523 6526
6396 709
8421 8710
1234 5752
1291 4259
9793 3792
3283 1864
9604 8537
8331 4536
5248 5260
2906 6589
7124 8726
4715 5389
8631 6654
9156 133
3570 8433
745 2256
7897 3507
3977 1891
4216 664
5089 3869
8765 3613
9642 7771
5787 2739
3269 5961
3161 3831
828 5656
1097 7099
1199 8209
4526 14
1261 7105
608 8279
7087 2554
7407 716
9380 7225
9076 5544
3783 3403
2548 3840
1663 698
9703 1778
8225 5958
1890 7188
4605 6794
4370 6619
7036 1418
8497 8737
267 3278
4673 8560
2381 7917
2053 470
9220 9926
1204 5618
3518 1477
6230 6815
3554 6391
6187 8058
5190 8048
6144 1105
2954 6585
6522 7281
9297 5126
6511 5285
648 5862
3125 1457
4516 6615
150 5564
2195 8413
4356 4282
6535 9734
7146 5490
2662 6700
234 4735
6578 6044
591 3581
9402 6493
8247 8158
7936 8260
2801 2328
5784 508
8052 960
7576 4606
2691 179
8597 8807
5094 8468
1558 3993
8170 4092
5617 830
8090 8858
5955 9320
3895 9109
8794 6173
7298 174
1852 6041
3306 6300
9336 752
878 1344
7382 8329
6029 2866
5508 1366
9863 1179
7449 7223
5234 7189
7266 2295
5077 6206
7914 1818
972 2060
7815 6371
3009 8306
643 2706
4087 4312
3904 1577
482 6486
5653 8382
4106 1689
987 8272
2374 3865
8766 5274
7701 9631
9330 2990
1850 7453
6920 6927
2071 3046
2463 5389
5978 1223
6132 3418
843 8151
5553 881
5721 1824
8668 867
5644 2155
611 7155
8643 9848
8 7450
7874 4000
732 7927
4529 7621
4077 6496
8124 2711
3424 47
908 5993
591 2676
1106 1294
7297 9954
8241 8656
8025 9228
2682 8261
5459 9014
2004 1726
5150 658
4169 2478
7570 1139
650 6631
6052 2396
7338 6133
8885 5480
3387 6365
318 354
4821 3748
5683 8168
5298 7723
4108 226
1448 5477
9500 9051
1840 3008
8704 5429
2292 4124
2008 9784
5642 96
356 6799
1792 7031
9872 2991
661 2187
9071 6093
4830 16
1379 392
1215 8229
4040 4409
9032 1450
8638 3816
6897 2812
7697 557
4425 622
416 2674
6302 2549
5807 4843
9000 8252
6337 356
81 6146
3790 193
1194 6367
4910 8429
1023 191
8943 2641
9934 2310
9400 6215
6387 8314
2218 2528
4265 746
6766 8903
7837 1348
1143 3675
3564 6483
1643 9637
2467 1764
5205 5631
4933 8285
7756 5149
6415 5931
6233 1270
4303 3259
8998 2887
8178 6335
589 5716
9893 7558
8760 9818
392 6743
2260 2051
6657 4126
6785 8151
9428 8886
1997 6354
263 1701
982 79
6768 9304
7579 1787
3211 6480
56 5387
1881 1305
9016 7450
2798 5321
6765 295
6016 7892
4914 5192
9060 8210
6799 3822
3813 1041
2240 9681
5558 8892
8646 7693
8162 5028
7088 2598
3099 4442
776 3578
9966 2055
1175 3362
6726 9994
5902 8529
4359 6467
6034 5861
6091 8942
8654 1935
3435 3833
9562 2576
6721 1197
2648 960
3929 8348
7412 8439
8072 2577
4572 6224
6034 7276
8630 2838
6753 2923
87 6593
2010 1648
1751 5786
5008 3686
4078 8156
2807 4693
545 6364
4679 6902
926 3308
6800 7916
3330 3534
3302 3304
8730 8128
1151 4728
8452 1957
5338 7260
1483 9797
1355 938
7304 1354
8828 8792
2799 2700
933 8714
1930 8825
2984 1328
784 5147
5017 8606
7299 4464
2165 6718
7623 6978
3363 9694
5697 6796
6313 9952
5133 3702
7614 6686
3259 4690
1226 7006
1266 8454
8104 2657
5362 2627
1001 1681
3845 6787
1099 6852
83 6330
2580 5956
1043 8637
126 6502
4411 9094
7468 9906
390 6139
5279 6093
4244 5858
9025 2802
1098 675
7689 6897
9262 114
8767 2630
4501 5670
1831 1688
6555 3053
6764 9046
228 9287
6863 8391
6785 8833
1535 7518
3237 8542
8192 9493
8822 6292
5388 4209
3082 1840
8333 5006
8822 9378
2964 9354
9199 8104
7723 5878
5113 5256
5744 2060
6029 4413
2443 1732
1506 4511
2756 9062
9549 468
2342 3225
5097 5821
959 2653
8950 7859
7968 9258
4408 6066
2160 1198
7442 1150
2284 1791
4168 1548
3452 4664
5819 8325
7522 2949
9013 1233
3663 2546
6759 5847
7638 3496
7564 2857
3429 2461
7178 6740
7211 3159
9409 6474
4647 8613
8501 223
4961 4376
8938 8619
7815 447
2469 9915
3366 4245
6993 4874
9796 2665
658 339
9803 6489
9770 2356
4916 2891
9895 4091
1836 5580
3826 5817
6377 7546
8088 8593
6650 6260
8943 2735
9662 2293
2207 8748
8325 1299
4711 2536
7165 5909
3818 267
1939 5869
1209 2617
4661 2178
4102 6858
957 6153
7548 9207
300 3500
5806 1291
5292 4318
8775 3456
7489 258
7732 818
9494 7467
6699 7640
6897 9829
2668 3087
7270 1197
9070 2051
3013 7491
7342 1372
3547 3667
5506 7516
7727 9310
6670 9143
4927 2422
9038 4269
3001 5457
7252 6348
3204 2392
3607 2169
7071 3625
5620 3692
2805 5725
4265 2600
3062 2552
930 1173
8337 5747
6924 7749
6737 4249
6407 2276
4849 1579
3919 3597
8937 6293
2578 9678
803 4033
444 2161
8126 8057
8837 2084
5675 5471
17 5912
1550 8567
3375 2023
6353 8454
6692 4912
6047 8299
787 9335
2835 3270
3934 2040
2522 1653
5230 864
1781 9542
222 720
8024 2076
9115 5369
8443 9605
8339 1430
2717 7660
1889 3336
3679 7597
4094 8474
927 1578
6843 570
112 18
6338 1513
7405 4332
7295 2865
9225 6498
2302 5606
9417 9881
8690 7287
4381 3794
2754 582
308 611
763 3984
898 6867
4549 3043
6565 2701
4020 3221
685 356
5104 6870
5440 5988
9662 8619
9219 9178
9673 3333
8028 4879
6929 2749
2862 2298
5238 3424
7048 5196
4187 8808
5893 6139
9690 3691
3036 1352
8069 1481
8096 1626
852 4545
7933 9748
2033 6385
8637 1904
3306 6187
6072 8034
6121 8637
9678 6373
8965 1331
8652 586
8914 2022
9346 9989
7247 2569
5544 3869
8333 8144
1971 3749
2873 5839
5861 526
3286 9225
9971 6465
7941 5667
5019 6567
8560 7940
2375 5620
1117 2330
4714 9974
8250 3988
3205 6825
8726 1791
3669 6444
8518 3474
7341 5950
1117 4591
62 3215
3584 4103
8547 1610
5732 4182
9949 8225
4818 1705
5860 8090
6545 3525
6687 7601
6177 6477
8804 9044
7876 5177
2791 9246
6497 5935
3266 8963
7945 2276
9183 1137
8722 1724
5273 9839
2673 7730
6329 9055
4540 7200
6188 7569
1404 9705
7371 8865
9860 5514
6820 8535
5192 3929
4799 7467
5116 7068
5122 4518
7197 3273
9494 9977
704 3029
5898 4521
4572 4739
5508 4839
1365 7440
1057 3586
7938 1836
3305 2958
6106 5803
7470 8852
9707 6535
9314 6532
6476 3640
3190 7171
5641 5395
4397 2909
6832 6873
2982 8316
3717 8108
389 2532
1937 9069
2170 7898
3392 8124
5749 8215
4248 8765
3709 4168
128 9103
3745 709
1577 2768
8331 63
8036 3955
7182 6053
1799 2238
296 5704
9746 5944
8921 855
2345 7635
9579 7077
3593 5779
311 9063
1743 5356
4722 9228
4822 83
2884 5172
2692 4411
6683 8126
9598 9553
7599 31
638 4509
1710 2764
24 4445
6075 6990
4218 7985
3738 9591
2961 6805
3469 9241
8193 6526
7516 8194
3309 6851
3949 643
4664 1807
5260 3514
2504 1077
5399 3818
658 6830
5731 8907
4934 1395
7155 8064
7139 2861
8112 5754
4991 7483
3449 9866
6330 1500
8434 6602
8243 8153
4684 1190
3719 7483
7613 8332
1633 9394
8392 5747
5024 5765
6490 3141
8267 5819
6178 4626
6873 1671
6265 6019
3440 1590
4414 3917
123 1984
8404 6235
1657 2540
1027 8755
8652 1466
9352 2979
8471 1297
5441 8907
5227 8771
7612 8292
1838 9355
2377 8692
3187 7380
8040 8956
2738 8688
5500 2781
5812 6374
4983 6016
7902 8229
905 2360
7266 9503
5430 8542
5317 7474
2758 1360
100 8726
77 3694
7939 2564
607 205
9986 3473
7904 7981
7440 3524
2443 6962
5031 5503
7695 5621
343 4928
922 9843
7494 9073
3785 6194
1560 8653
344 3304
3545 3926
3424 4153
7939 5333
4649 2708
7822 5969
752 1973
3018 6461
8688 374
4847 360
8082 6717
2607 6140
5586 8897
4083 9303
7879 7185
9313 7300
7175 3944
3577 2631
9524 9386
3151 2931
2431 6309
7299 6606
6769 6650
3540 5950
4970 152
4291 4576
8819 3419
2695 792
1753 8389
6392 4052
4213 6227
1812 4793
1817 2415
6687 5133
4857 587
1520 3093
9236 2051
5155 5381
2158 9690
7500 8711
3632 5007
5534 215
4473 5223
6371 7146
7264 3168
3896 3764
9618 9089
6287 1251
1919 3256
2701 8110
2596 8452
8752 5695
5608 2458
4208 1508
3043 9702
4833 734
4293 7227
7318 3521
5432 9959
3857 7415
2519 910
1959 4453
1669 16
4180 1336
1352 893
5522 4577
4896 94
2046 3757
5285 6831
9808 7315
3790 6691
3902 5960
7365 5371
8386 5680
5283 4149
3809 2789
5612 7786
2214 5519
7672 2541
3261 8606
1386 9162
3217 8635
2192 138
5718 8389
4089 2716
2270 7953
3924 2057
3327 3093
1804 8234
9889 1525
579 2113
1101 1294
2858 7183
324 3024
7164 3837
6748 873
3411 9010
3274 7423
3780 3640
770 2210
1381 6008
3181 3940
8666 4732
4883 7192
8495 9302
8494 7313
2501 2762
9743 8896
8355 1993
1376 1865
9142 5955
5881 4294
2871 80
8506 5894
2748 5811
1477 2131
2955 910
8274 6286
8710 5100
2244 5974
378 5080
3887 3571
7950 7542
3254 1213
437 7062
732 3091
4770 2484
9381 2535
9468 7993
9702 6536
9383 2625
1636 1515
6888 9397
5175 7990
7241 7135
1309 6789
8972 2763
794 2010
4627 1125
1859 7179
7674 9567
3718 9387
7583 796
4035 7257
3135 6754
8773 9585
6023 9453
1593 8539
9770 7033
6685 4449
7706 8566
2482 7575
7586 4169
5460 7924
3954 3226
28 7238
4337 1476
594 5045
7844 2579
3265 4927
3960 8077
5451 6399
6800 4691
624 1907
4289 2079
7003 2940
3354 3810
3931 4998
609 4015
7487 5160
2469 8922
6076 4319
1602 7657
4949 5944
6868 6361
6109 3764
8358 1437
9927 3402
3922 9281
3717 4835
2292 2436
1793 7676
7351 4680
9724 6627
7765 4546
3829 1861
2367 4419
7757 3712
7547 273
8398 1967
9518 4793
1844 1916
7265 2586
9968 6786
9561 9671
9853 6231
7877 8824
3629 7656
2737 5783
9326 3786
7561 3196
735 6453
4586 992
1944 5910
5151 8717
9443 9175
4663 1128
8669 2913
9983 194
9282 1158
7481 115
4798 7240
5005 6276
444 4367
9993 7600
7884 3264
1226 2418
2743 2937
6130 6258
6752 1677
2552 6692
2487 3212
149 3487
8398 8741
5150 5687
2814 182
3462 691
4837 7297
6553 747
9792 7727
915 5017
784 8293
965 6092
7176 8564
4222 8076
9415 3950
1257 1626
1870 4446
2074 5621
5640 6840
8668 36
2847 5599
9834 7480
6123 9618
953 5197
1908 4913
4669 4170
3019 7662
362 8820
2298 4592
9897 8262
7755 6905
2637 3569
5051 6192
190 9443
7378 3762
3009 7915
1880 1136
4670 7557
9313 176
5440 6923
22 1238
6455 5675
146 9204
1303 8340
1048 4625
4223 6100
8710 5791
7329 9329
5452 6767
3538 7342
8876 3520
3097 658
4516 7108
8112 6506
155 8415
4367 245
4925 7751
6542 6216
816 8083
7069 4030
7020 2750
2352 6104
8946 3402
4188 1567
9953 3393
9384 6541
9747 1985
7080 4319
7115 2169
2987 7527
3623 3690
6946 9417
8141 4753
9617 4521
5892 7034
1737 8887
62 1083
1886 7043
9013 9025
4723 8554
9827 8403
677 6476
7999 5441
9269 1271
5822 4262
6903 5602
3024 3061
1400 5892
7754 8990
5324 2279
4742 1921
8986 7270
475 2526
7722 3439
7346 3773
4681 8675
4402 2661
7107 2103
3378 1826
2693 2023
9745 6565
2459 403
2871 8760
1225 8226
8144 5188
2601 6091
4377 5303
2634 2991
5223 7134
5142 266
1756 9006
9145 749
4289 3267
701 7335
982 4149
8188 5473
5640 2959
7906 390
6683 7382
1922 4017
5025 9036
6048 2934
2753 8580
5351 1909
133 7753
1999 6411
4592 8507
593 9764
9428 2174
6970 4075
8288 7529
9884 5
4376 1801
6890 8229
7158 165
7201 312
5763 1397
6242 7427
5870 1965
4068 4746
8066 2787
4650 3691
6005 4475
7989 5601
3628 9640
8705 7907
4593 9526
5777 7634
5555 6350
2140 2092
3522 904
2665 6092
5997 8874
3489 2697
4366 5843
8801 750
8576 3504
7138 8301
1942 409
7371 7183
5065 8444
8383 2466
8918 5476
9155 3005
9804 6016
2041 7019
2572 208
7197 9566
7547 2262
8603 7929
6816 8060
4673 370
8093 4281
590 2983
5537 8387
3040 7719
367 6646
7652 7543
4624 4823
7568 1176
8476 3896
2362 438
3168 4451
3499 7075
4214 7934
1551 9270
8934 5103
984 2157
9706 4367
2122 7862
6269 7148
307 8323
8516 7504
3063 1854
2205 8900
3147 8295
1093 581
5293 3604
9845 3576
7693 6466
3556 798
5232 3776
6183 5244
3190 2330
4362 767
1785 2105
9612 3839
6228 3799
3433 1941
7706 3010
5296 3490
2331 521
2384 3202
9095 4315
7863 5642
5601 7807
219 9095
6663 6565
9691 1953
4688 1547
2165 1860
5428 1554
8526 6333
2845 3878
5530 8333
8554 6424
5558 8835
7737 859
6749 8956
7041 7896
4982 1711
8695 3906
4743 1003
4733 8208
4650 4020
3611 128
7406 2027
4220 2064
2685 6763
5149 8403
7554 9921
7633 9660
1727 1194
3789 3346
3417 3160
8346 502
8305 7434
818 4821
7553 147
755 3775
2650 6428
8301 8342
3734 3858
6921 7136
7908 7262
9917 2339
5084 9693
3264 2332
8285 9578
9819 8012
5838 9703
8489 6634
5951 8808
6425 6742
5084 7929
7385 1264
6553 6258
149 4464
2742 1484
980 5412
8571 9788
9946 4624
7500 5907
6230 136
7250 5944
2469 1994
4324 6440
6674 20
7302 7667
3273 9864
8267 1631
9008 2911
9765 257
3587 9161
3984 7150
6632 9183
3190 7115
3554 9039
9709 6393
2615 9169
4597 7170
9472 3138
32 8514
2220 1599
7380 6892
5989 5089
1542 223
9976 8420
6767 5595
6608 4370
4615 6026
6890 1923
5429 7291
6825 7813
1372 9718
339 6589
5779 2428
228 4655
9087 1143
5705 547
9892 2400
8146 2396
1075 9883
2101 8587
9655 7791
8686 8226
2297 8642
4263 4020
2199 4036
7623 168
1577 8658
9977 6431
9859 6234
1341 1423
429 8819
7489 3239
9317 9166
3299 2116
2695 2981
524 1178
1412 7229
9014 9926
3268 5265
3026 2980
7404 7993
6718 7235
7826 2659
7582 370
4869 6875
3025 6983
41 8661
769 1143
2543 4558
4914 2993
5601 3572
263 9760
9741 1439
2722 7119
7795 8175
2589 4070
6141 5908
4760 3589
9709 26
6002 1054
7459 7524
5109 7594
8231 3145
2391 5765
3165 5082
9709 5185
2318 8948
3005 6402
5428 189
7295 4290
2021 9282
1057 3205
7741 6028
3829 5435
4116 2344
3772 8637
9162 426
2019 3415
9572 3198
380 2337
1221 7608
322 3265
6090 9698
3412 6493
2539 564
4690 497
8987 8562
5163 3178
972 2340
9045 9947
5564 9027
2814 3223
6737 5217
860 914
9559 9710
6093 8993
9583 8577
5321 536
6590 3461
8152 6218
1975 6398
9626 2505
4502 8985
9363 5149
1093 4778
8460 9183
6662 1610
5315 5152
5101 9213
2690 1525
6655 8541
5489 507
2709 8773
1588 1885
8409 7974
3232 4827
6876 6705
258 1562
2848 5423
4410 8495
9159 6197
8906 2110
8513 9558
432 8900
3397 5615
749 9074
2155 8296
7234 4305
6333 8023
4933 6784
6921 6181
7452 1527
4265 2013
3479 8375
2905 8396
5188 9862
4693 7460
8614 4627
7576 669
2633 7440
5912 6927
8639 7946
8912 6868
8809 4714
10000 200
387 1743
8074 6156
943 1360
6447 1431
4042 1163
8354 77
6951 6968
4770 561
7636 518
3891 8936
6278 8675
3669 8337
1807 8818
2663 3928
2707 5058
2049 7177
7074 4065
9245 2664
3526 2063
3493 2388
3414 8185
3175 5197
403 2483
9926 625
620 3327
2110 8031
9690 2289
5550 554
5192 7603
4536 4861
3476 6195
3297 3914
5393 7717
2272 1503
6363 8523
381 2291
5483 9182
2925 2518
4981 6201
6717 5842
2581 7361
7944 6044
820 9617
2306 5803
8194 7996
471 8920
6427 3587
3115 1538
9941 2477
3664 6173
4893 8341
8038 2959
6861 6862
2350 528
3249 6811
1896 3376
3826 811
5205 5480
1911 2406
8044 7295
7417 387
2322 9195
7042 9125
162 5090
66 9135
977 8770
3507 2527
9012 8782
3466 9338
4959 5855
8081 1316
7695 5735
4556 2146
4591 5173
8551 4718
4407 5342
96 2273
1053 2619
9408 9439
8075 7797
5312 6652
2850 3438
7756 4468
2287 7502
9385 4805
8014 4857
5472 3929
9387 8767
2036 9305
3219 9364
4545 1594
3842 3544
1062 132
2815 982
1505 4392
4893 3040
3899 5241
962 6027
9164 6482
8198 7951
100 4690
2040 4592
1295 2720
4279 4811
4687 2278
3946 30
5950 8503
8266 2499
2953 3911
783 3283
108 8613
7588 5151
258 434
3874 7369
9696 4079
5966 1945
8958 6316
49 7901
8484 2641
1210 439
5650 1106
9062 6237
4912 3822
3478 5877
4450 666
3884 6934
8636 6190
9769 8673
2794 3521
7261 7305
6830 3183
4562 5960
1619 9540
127 8730
8847 73
3014 6158
1109 5720
6929 7937
6793 6168
4235 3708
9058 5905
7835 2953
9314 9436
1799 490
3138 7878
5554 4460
8710 4109
2000 2104
4503 5630
9435 2847
2083 2244
1414 4486
9281 7043
8019 2168
6810 3787
9616 3473
6213 8080
1164 7605
4026 1437
4246 7154
5893 8761
8969 5335
6650 2894
7175 6301
4473 6564
208 4522
3834 9045
9173 5695
9543 3851
8269 1337
5594 163
683 2567
9584 36
5100 2648
6006 324
7081 6700
4390 731
7694 1633
4196 700
1856 736
1324 8066
8161 2740
4437 3960
9604 7667
7121 4545
4630 7970
148 8418
1310 4667
2001 8112
2552 881
8448 2443
208 9595
5078 907
1297 1615
9641 9361
915 4092
9643 353
6032 9218
6879 3400
2673 2013
5144 679
6324 7648
9228 1477
4653 5240
6577 7548
6106 3896
6719 2857
3193 209
8077 7087
7644 5203
3602 1072
8052 2700
1001 1699
8128 5520
753 339
8093 725
4468 7937
5112 4249
3044 7258
566 7316
4067 8222
2912 8287
5711 6548
8085 1008
636 5845
3078 2190
1466 2314
5673 9451
7356 5715
3219 4336
7220 6466
1755 3104
9289 7737
1303 1520
3752 1921
9792 2936
4605 4765
7420 4522
3878 9356
254 7597
1780 62
4310 337
4102 4855
3702 3783
9176 5134
3593 9999
6284 1712
1737 557
5860 9113
7983 248
9904 8781
355 2588
1902 7874
2190 992
7141 2491
3532 6659
7565 3888
5474 1828
4913 4346
1520 4406
6170 3533
1475 4439
3901 3647
5553 7661
4197 5073
4642 4125
2021 6539
86 9900
1700 9535
5420 8597
9238 400
1121 9523
1680 2586
547 9093
231 1878
4884 8617
5577 9709
6314 8883
9695 2136
5633 4180
6562 5507
9650 2489
3921 6951
5915 3490
5194 7513
6512 5469
9573 5088
9134 8479
2162 8514
2978 1470
1397 9865
9600 2698
8631 7536
1646 7412
2527 6583
7313 9986
8135 3814
4005 2414
2135 6396
2865 7521
199 941
838 4971
8801 7105
4357 3926
5952 342
2084 1981
2551 6971
6804 6790
3526 2512
9218 8428
3844 9355
4091 6651
6036 1347
9050 3054
6982 8417
1827 8247
1052 9299
143 7077
3775 5515
5482 3903
1406 2358
4876 3762
5152 9508
1076 7782
7994 8651
4531 1680
8130 842
6796 7863
7284 8874
1435 6029
2938 8768
9145 9832
4190 4642
6042 5531
5293 4317
7795 1447
7789 2151
8625 4584
1521 7593
1540 9424
6714 688
2340 8570
9842 8632
7812 8544
2071 0
9584 4335
4472 8736
6814 4604
1988 2350
4666 707
6083 5898
8991 670
9533 7072
7823 6234
3961 8178
5475 3129
6066 8853
3470 5635
446 3132
29 2
4972 9461
91 7272
4475 1304
2868 10000
4736 2582
171 8010
4558 7332
1734 4603
8732 1301
6339 7281
8999 315
8840 9321
9430 4723
962 2752
2267 9049
2008 9836
8366 5053
3461 5410
9847 4203
8731 9412
7713 934
1095 2074
1426 8303
4213 7349
166 6027
2830 2446
4238 4374
9068 7579
5825 2098
7702 9665
6645 1359
7017 4948
8917 8803
3933 4482
6562 9290
7106 3943
5142 8612
8654 9057
6142 9587
189 9686
7428 8729
5187 2997
2617 7573
1786 8215
6391 5815
451 228
7878 9416
5892 9440
319 6077
5462 9501
6773 7376
134 7077
9016 8960
6414 5986
9755 3259
7164 3643
6478 6881
3664 5293
5632 6473
9542 7822
1310 6414
2211 3562
8933 2584
8564 8371
9635 8428
2860 8032
6384 6641
8746 5360
5753 6504
5058 6269
8221 1876
5041 2303
7917 9986
3882 2081
3052 6320
1731 8188
9086 5586
5523 4797
9543 2370
6622 629
7197 6377
2 6429
6301 5389
9965 917
2706 9449
6729 9439
5800 761
4349 4197
7671 1473
779 7942
2053 966
9114 7174
5179 3212
8977 6288
2748 3336
5892 5093
4430 5283
6952 1053
3444 3441
58 2099
7147 8191
4433 8605
8863 492
1943 2763
2367 9562
5116 1938
1962 6989
610 6689
7616 8925
4737 6295
3306 1872
2718 7005
6316 9105
2429 2322
6157 8559
6326 7473
5528 2404
9171 9872
4700 9787
4214 6905
5004 1182
2585 891
3022 506
3605 7629
2339 3321
3086 7629
8537 699
7880 3767
1697 6863
1073 3556
7330 5824
1581 2182
999 3920
6462 5768
3808 2008
5718 5073
8650 3077
1951 9553
3901 4570
2377 1701
2478 2714
3450 9302
1935 8489
2558 7947
2342 4873
4750 5993
5099 7457
6087 4716
9147 7716
3486 532
6383 524
3591 2239
7613 5661
3157 6426
281 2349
3838 7889
4628 7023
6129 7309
1798 8610
6182 1987
6508 2050
1703 1201
3094 6220
8498 9617
8852 9398
7309 1611
2167 9094
5395 930
9533 2889
2624 9234
2199 9298
4429 985
4535 4744
8821 6098
5527 2474
6375 3549
4039 345
790 4008
9576 2153
2326 7758
2086 8887
8403 1376
9276 8519
1774 321
5492 124
8488 7869
3986 9834
6185 280
6670 5785
9120 7301
3468 9359
3344 436
6494 7664
4063 642
4829 6610
4454 7533
7391 9833
8008 5004
543 7595
885 8827
8400 8653
5162 9330
9141 7325
3029 763
729 595
5896 4247
8119 3460
9296 6564
2732 1598
5367 332
5181 1008
1316 7801
9730 8466
5315 1257
3995 8014
8417 4187
8809 6696
7207 527
3861 144
7190 649
4003 4595
4712 8733
9719 4303
8842 1937
5602 3595
3369 7733
1648 4712
3404 4465
1579 1050
4742 3274
4595 9594
4860 8271
8047 3819
386 2639
9858 4770
8880 9221
17 6936
9411 2034
7106 2000
8075 2874
6170 8936
5013 204
6642 4717
6710 8862
2518 164
1884 6266
8302 9137
6593 3940
4343 254
6369 5542
9847 3168
8199 4172
9914 923
7498 4574
4405 6918
4666 8361
5231 4085
4534 9400
4640 1735
6882 8729
2556 9487
9223 9529
2030 6685
6038 9385
3088 9708
6122 1473
3548 8394
9553 6488
2755 7565
892 3986
6911 5449
3585 4194
796 2725
1054 8393
1445 8259
5416 4454
6945 40
3208 5820
2084 2961
4217 1418
1885 5612
3547 4863
852 8290
398 5064
7761 7393
8771 2282
2271 3884
6829 5025
8842 1283
2902 9937
8525 2746
195 456
5279 7789
8221 4191
8561 4580
5169 5382
2924 472
6138 8955
485 1580
5568 258
9020 6287
398 2532
71 8313
8899 9253
6899 2439
2812 1650
6418 3265
601 6253
5242 5734
3048 2197
4571 6496
7685 8156
5273 3689
390 652
6681 6038
8778 4826
7335 4098
3006 954
8398 347
9806 8189
3753 468
8990 5871
8024 4212
9080 9550
3610 2616
3555 6967
7481 7672
5314 9115
2048 1172
9981 4982
3027 7944
5763 7210
8989 4729
4093 3588
2656 8590
9132 5537
8325 6985
7245 640
1107 3899
7188 6002
2442 8675
2223 4509
4401 9732
8029 9795
8938 5167
6 8617
6233 9766
9379 3520
8166 1051
5906 7841
1773 7600
5512 5081
1538 2484
1243 2687
3577 7381
2813 7170
8275 508
3337 6894
2159 4509
4245 8041
4182 5716
2529 4941
1622 1373
2862 7060
6224 7074
3782 2544
418 3484
906 2698
6340 9264
2766 8622
8591 536
4106 1052
2535 7986
300 7421
8251 1102
699 9441
4084 5469
2967 4957
3041 2662
3300 3379
6350 7991
3770 7097
897 2398
7320 6476
5579 6092
3983 1324
6478 7786
727 8847
10 4293
8931 7942
8560 3998
7202 6257
3200 7110
3139 8053
2910 7835
4808 6333
1638 1464
5451 8839
6651 3919
2141 1661
7515 5401
8430 4974
6797 5599
1271 4720
2883 6976
6670 3243
1858 5209
3929 6820
292 280
5713 8204
6515 346
6058 3834
3405 9407
5523 1056
4442 4603
3193 5589
6880 2064
1980 5389
6083 9456
3705 1988
7737 2328
1631 3998
3689 2753
7718 4285
7754 3297
9724 1345
4080 6253
3681 514
9977 856
20 2799
16 843
5934 1792
8862 7753
8223 1497
7330 9702
8470 6392
9386 9159
9525 1618
1621 2936
2086 8748
6956 6406
893 2036
1139 4124
8923 888
6129 7739
7926 1809
6075 3097
681 3390
1803 8704
8056 6156
9336 8000
5804 5440
632 7742
5744 6402
7313 2094
6235 9323
4117 6824
7432 574
4800 8356
561 4429
2774 32
7629 2895
6153 8240
9772 5170
8730 2884
4706 8692
607 1521
448 9978
1357 677
3073 9493
6346 1852
783 3154
6967 5660
3583 5552
4958 4724
2344 1369
9280 3095
4140 2461
8806 371
177 4545
2331 8778
9587 2034
6290 2119
9396 6936
4114 578
8687 2454
8292 9864
6787 9985
5394 8879
8909 7617
986 5495
8522 5213
5486 6928
6322 3945
520 6207
6220 673
1512 8592
4597 2907
2133 2025
325 1067
8826 2706
8174 3151
4124 9089
3462 4054
6192 7027
379 5412
8058 9735
4283 8909
3328 6195
7825 5866
5081 4409
5456 7932
8916 466
8670 3729
264 729
8328 7812
6693 4969
5786 6743
701 9715
292 3598
8841 5927
1290 9353
2839 2012
4902 6120
6241 4750
6143 8232
1334 5160
9495 3839
7589 8150
8578 5722
7820 8056
3384 4618
6777 3894
7653 2812
2275 3505
2322 7818
2659 5867
4238 7337
8129 2558
8132 7177
5325 3643
6341 5114
4913 2707
1186 5054
1620 6812
9462 8405
1295 3939
1625 5441
858 6361
2543 4540
7777 519
8808 1632
2260 2454
6476 9693
1963 6613
3645 6711
1501 5117
8378 4403
4111 6053
8260 4980
8057 8101
4683 3641
4570 9077
5024 9545
8489 3719
2191 1780
2671 9610
9942 1674
6496 2147
1490 9867
2901 4990
9082 4146
4652 6306
2262 5233
3980 3109
1044 4638
7868 1655
3844 279
4664 4476
9350 377
4670 7546
656 3858
2176 5653
7370 7718
4269 5874
4844 9676
9241 5304
8743 7313
9606 4047
6881 6650
5734 5825
7420 3359
4326 8777
2470 3091
7951 5295
9047 1944
4441 5125
9327 404
1151 1121
5856 3828
4355 664
9278 3055
3136 4878
3748 1597
4772 5328
4891 5081
7221 2339
8628 1660
5800 6475
9256 9698
9091 8736
9511 7600
9082 1683
3110 2073
4917 2708
2581 8468
8976 1385
1104 2638
4187 8868
8849 5323
5030 2998
5402 575
4613 1207
4896 5081
5977 2700
5081 7048
9513 7839
3221 2024
2773 4169
1724 7455
971 1436
7 6442
5602 8824
5782 3970
3956 1298
7810 6414
4715 604
5172 6176
8429 8291
2734 691
5391 8915
7288 7481
9925 5752
70 8457
7177 3482
7918 7278
6764 6578
1272 9783
6532 4991
9447 6036
1 1101
6800 6296
3904 7705
6235 850
5166 4786
3237 8873
3374 8749
5569 4750
169 7851
7347 2489
6517 6365
6749 5942
8703 300
4747 1083
4116 1245
7472 929
9820 4265
2641 821
6473 7592
158 8536
9281 9135
6292 7636
5581 9312
1821 2613
10 1722
568 8603
931 3705
7122 9512
7765 9273
7522 2108
9485 7416
2667 4133
1318 2097
9582 1464
8189 3380
9547 9129
118 2097
2643 3531
8700 7337
3628 2743
6861 5192
5744 7941
8285 8320
4465 9842
7912 5693
3527 4719
8411 7318
3655 2760
3127 2620
1386 6965
9624 3982
2096 2623
8243 1706
1463 5791
3671 9115
2519 2704
5335 9083
2693 5399
6036 992
116 3933
7913 4297
6298 625
6930 1600
4956 1236
5986 153
4248 216
7908 9089
1908 3637
3295 6981
8633 9489
9212 8814
6329 1760
5260 3564
2520 8869
4772 3143
8568 4904
2374 8593
9968 3552
2420 2240
8453 7861
2539 475
4934 913
7123 6026
3744 6427
4564 963
3997 6808
4297 2548
4090 4419
7067 577
2191 7893
592 6861
652 7695
8976 5445
2607 7994
1974 7958
4490 1180
7429 3327
9747 4609
9060 9657
41 301
6704 5073
7037 9142
4120 9823
6752 2073
9750 1639
3716 945
3946 2106
4181 3988
5253 6021
717 7576
7257 6332
4550 5144
6474 832
3664 4076
8947 5881
1725 3144
1294 3809
6223 2616
8003 3499
1310 769
3486 3950
6182 1021
645 1599
8167 5954
6092 7308
7358 4762
1582 2027
6668 3199
6874 8196
735 7647
8346 4977
5726 5758
2081 3084
6909 8847
9600 5247
2423 7542
4199 8845
6547 2723
501 2816
469 9557
5676 6730
5317 1391
1893 8998
5739 9379
1770 3900
5024 753
2271 1572
8136 6261
8906 8330
678 166
8864 6706
5912 9839
4789 8762
2108 4466
5649 2487
4809 7612
6518 3146
9776 9514
9564 9120
6759 5900
883 6576
4011 6565
7869 1517
8036 2668
8582 1461
8309 4985
9721 7868
5733 6920
3535 6514
4960 6516
7567 1354
1339 1670
7923 464
9414 8433
4039 3516
4538 1378
3385 3928
7158 3352
7203 5156
7374 1166
108 3028
7072 6432
8482 5775
9749 1898
5528 6115
187 9852
323 7127
2037 1338
5944 106
8240 9709
2726 7544
9007 2996
969 2087
770 8741
851 1473
8927 732
4583 6090
6659 5612
4657 4925
9862 2797
8639 7465
8683 5051
8822 3987
6013 4358
5411 5873
4294 5282
4275 2820
1773 7198
1093 1039
4218 9932
4968 3784
5690 8384
3643 6595
6663 2253
9168 2969
8442 5858
1961 3306
5492 4394
8234 5433
9913 4757
2564 6922
8937 7553
8158 727
2627 8297
6142 371
1772 5992
7385 7851
9986 7565
514 4685
9398 1113
4417 9756
9989 2455
7157 5877
6270 7688
2502 1284
4763 7976
8555 1363
5162 1244
7679 1424
9633 7246
4976 7930
7561 7563
3634 6081
7434 1459
4447 3141
8752 2385
5956 7280
5777 2262
2417 8279
7609 1133
1124 3210
7623 4049
1911 5040
2521 323
4726 3328
3186 7660
8538 2882
58 7047
1196 7765
3559 4294
6034 9873
3703 216
3551 6754
4143 975
9654 9589
4452 1114
8027 7639
4953 1467
3794 7633
835 9968
2228 4634
7414 128
3775 6753
326 994
8807 4251
3425 5749
6174 5899
5168 5257
7549 3566
9015 9259
8725 2073
8145 7177
8210 2991
8037 2883
2933 9497
9585 2756
1449 6513
2741 1990
7733 4626
1987 9966
756 8514
2425 8557
3820 2331
2015 5410
4921 684
3541 5786
6993 7089
9698 3090
3462 2779
7436 7055
137 8156
8341 5003
7856 2497
9168 5367
6557 1211
9558 8581
306 8402
7464 5312
6746 5420
4141 6945
5680 8133
9280 5953
7860 988
5384 4382
5095 6721
8027 8084
6743 818
9177 6764
2495 4394
5866 4656
5610 2392
5646 7879
8228 3576
837 9178
5928 2883
7880 2023
3119 7492
148 1401
989 9961
7448 1476
6571 4705
4511 1627
5102 7894
2364 6831
5700 2773
76 9624
414 6601
6748 2672
6602 1565
9076 3062
81 1642
7437 6245
4976 2717
2287 2943
2365 3493
9723 558
1345 1230
7387 2437
5096 917
7268 5836
5014 2155
1786 7569
3310 2073
7683 5053
9772 1045
6949 5662
267 7847
599 3557
2910 6245
5644 9351
703 3773
2790 2183
4989 2872
987 7747
1617 7936
7012 4586
1631 4807
174 8123
8583 420
1666 7034
5233 6670
9885 9275
1007 4476
537 8134
6052 8175
5540 5654
4777 9574
7510 7430
777 9612
5921 2357
3270 5272
9132 63
701 2365
7502 5877
7082 7768
2045 7306
215 7488
8329 1674
1672 2971
4223 7119
5445 3174
2446 6017
238 7959
1782 6149
5587 1596
6224 3930
850 4214
8953 1163
5928 2278
48 7053
3215 8074
8005 6823
6326 3128
9071 1481
6200 2071
7204 7404
5066 6073
7440 1211
8175 7461
7797 4831
2211 1382
4465 3845
6587 3731
3474 8192
3198 4708
7618 1603
7343 4411
9927 3646
6009 1371
8995 469
8697 6383
2175 129
9552 9114
9420 7829
9080 3401
7737 2724
799 4633
1286 3599
3588 6186
8663 9750
9846 7362
8024 1928
5027 5002
9721 2206
800 9554
5375 3368
1262 593
152 1504
8273 6880
5962 8692
4299 5267
6273 4640
2601 2857
5080 7616
8521 4862
6650 7110
9651 1495
2996 53
5177 9281
8168 2993
4416 2062
1045 2378
8000 6704
5899 1825
8126 277
1647 4702
4030 5483
3104 4445
5370 4324
773 2109
6309 4006
9644 2715
5971 1198
3974 8750
4884 8954
4763 6012
5418 5717
1134 2348
3793 3392
9345 4421
5276 6492
9487 4776
1438 827
2147 3065
3840 3160
9336 7037
589 4361
9188 8519
4885 1633
4204 9890
2045 9750
3763 8740
6038 6539
8516 7518
3064 2671
5535 3776
5396 546
9446 573
1730 5222
2503 6625
363 4102
1477 3718
4455 3887
8650 9825
5262 743
6717 726
4617 4566
7273 5526
9926 822
5846 8700
6472 2208
6818 1244
4568 8925
1102 3623
2044 8648
5077 1676
207 2190
3186 1142
2593 9574
257 4761
3293 1665
8531 3994
1011 1521
4295 4226
2175 5337
8719 7054
5884 6434
5830 1488
4033 5454
2260 1231
970 1322
9941 3959
4766 2365
9234 2692
1379 5673
3580 8112
1273 9112
324 9830
6759 669
2820 7537
3085 6566
9624 5860
5624 6943
1754 9088
8568 500
9033 1954
1445 839
6468 6225
4466 3245
1089 7791
4846 7989
3826 5480
873 3100
1312 3499
3480 4553
8389 2473
3478 4313
551 2901
8192 8675
2300 54
6144 5713
7655 266
9758 8066
9380 3964
2761 627
7515 8046
9569 2172
9281 4684
2920 11
2141 8149
9769 8225
5263 241
8160 3693
667 381
4463 4380
6213 5798
8264 6634
4426 9534
3683 7183
3620 8170
4377 1673
7157 6266
7386 8235
9378 3513
7316 9832
7654 9599
1403 8597
6442 2368
1492 3859
6995 9535
2446 9881
847 9873
3170 7724
2435 2678
6428 5297
2217 8864
6382 2538
2773 1310
5895 5526
8907 5289
888 195
3546 9225
5268 6735
6576 5591
4020 3054
7329 7485
4756 9619
8295 5913
9447 4337
2630 4846
3416 135
2831 9520
6783 2804
1328 4746
5482 6750
8958 8167
2667 799
8934 260
5367 8272
1089 3755
6147 4190
2218 8879
5325 215
5967 8268
525 5855
4396 5303
9929 6085
8699 9762
3727 4558
3915 9604
133 1446
2685 8249
591 6300
3779 8060
8467 5218
9251 3787
3484 6640
6775 8668
6497 7078
4306 7720
1402 9597
7445 772
4953 9282
9971 1067
121 7072
7264 6394
2882 4761
9718 4477
5415 6847
817 7321
1086 6063
2402 5994
9332 6042
8955 4045
777 3051
577 7450
3523 8053
1426 1359
1835 1949
8419 2010
9901 8860
2903 5154
9261 5020
9388 7213
9590 7683
1685 9100
974 1185
4315 8412
1760 6275
5291 2523
7951 4312
5125 9913
5588 5250
6746 2035
50 2172
376 9644
9406 1067
7079 7462
1218 8294
9365 48
7272 4149
6547 5968
9186 8635
9470 4729
2967 9197
1150 8227
4077 525
1190 1051
2855 1001
6738 8395
4202 4996
6390 332
3037 295
1735 7178
7739 2743
1767 9764
3249 2220
7755 196
6871 1672
6359 3405
4510 2008
1092 4361
3006 7742
4497 6622
7299 1164
6641 5663
5726 2528
6349 3435
2260 2452
2881 7972
1133 110
4107 172
890 1313
9329 578
9117 8189
7881 5858
7569 4600
4774 6678
6451 5381
4250 5358
5627 8714
6123 307
3483 4855
7722 1772
6986 8087
4386 4850
7424 8348
8392 6560
1971 9052
4002 3227
6301 6526
6395 4790
375 7318
585 7645
5296 8159
2411 485
1041 9194
1709 9622
9293 1878
2855 4717
8917 2324
5456 8464
9928 8401
8960 410
8197 2534
2285 9159
15 1858
5840 4324
4154 2747
992 8714
3409 8616
438 1489
9940 3582
4704 1916
2534 8823
9176 8286
3072 587
8730 4605
7280 4109
3809 6804
3499 707
296 6962
3023 475
5894 4234
1743 3826
2726 8921
8110 8337
8605 5213
4008 4821
1500 8595
5700 2716
1403 8052
2532 8253
8936 4945
1401 2056
1683 9066
74 9915
9887 6093
147 1046
287 2268
4013 7259
2928 8355
1193 5254
1080 6705
1972 7322
3806 6665
7520 1907
2955 8409
281 6638
9182 311
6146 561
2962 4979
781 3798
1906 5308
934 3268
4392 4979
9764 6347
2574 665
4789 1267
2247 3557
9526 7089
4130 5968
7585 8954
2903 6358
5747 6627
4161 258
7692 1405
1326 1623
6150 6823
5744 6111
7817 5774
1951 6099
9757 708
1319 604
7395 8587
4975 933
1588 7225
6888 5451
8771 4220
5087 714
1367 6643
3805 8575
8786 8946
6267 2235
8136 1670
4814 2867
4333 6466
1501 8872
2698 3098
7176 3632
3357 2126
4477 7131
3476 5841
690 7766
4420 7985
3384 9725
7078 9770
5867 4322
2702 9702
9769 4639
3078 3513
3026 8197
2766 6860
9541 5921
4465 4334
6394 4477
6280 1289
1298 3243
8181 1998
8468 7976
1294 2006
4128 586
6757 4241
3875 6665
2152 7507
2431 2714
5105 6895
4149 5152
4905 648
768 6759
5520 5796
1428 6449
8444 6194
2775 8230
9391 8754
9538 7905
9372 466
4407 6915
5961 4619
3186 4539
1952 9186
2370 7501
6486 6010
3914 9409
8639 5569
8777 9561
422 646
5222 7171
4207 8610
4321 5472
1446 1280
3406 2859
720 2017
1022 1427
4460 7909
9842 3080
1302 5352
9049 779
7956 7457
8397 3374
9958 6830
6992 6311
5279 378
8276 9478
3229 878
6401 4788
8198 4466
176 1805
6854 7179
9230 2353
6839 4882
4032 9837
9908 7812
4577 3002
9231 1192
6146 7886
7834 9793
8145 1904
69 8842
5154 3261
2128 7957
8095 3681
6227 4332
2650 8369
7328 5489
7020 1508
8129 731
563 1931
4508 136
5753 6927
2304 333
669 8000
1066 2464
589 2867
3039 5457
7471 8581
6165 508
5699 6380
2884 6366
6610 2413
2710 8122
2292 9243
1446 7707
2361 1564
8061 8834
4515 4568
2904 8154
4664 7601
7525 3579
9071 1546
7099 1247
3079 1773
7904 5397
1276 4466
3133 9272
8215 5657
4900 5873
5568 9227
7501 1026
3559 9292
9643 9072
6429 9461
5490 9733
2735 6461
2843 1507
9856 3593
145 9174
1875 3799
557 8164
9808 5254
488 8251
2354 9971
7993 8191
4625 9778
6430 9675
905 7910
5417 824
4470 6134
9059 4805
6626 4190
4909 2454
5447 5617
8322 36
3687 4237
2643 5672
4164 5429
5408 6622
4011 8782
4944 9357
7710 3923
5979 6470
9110 8170
2908 3759
9439 3344
947 6696
9337 6582
3890 4836
5579 670
1486 6657
3384 1075
4601 1737
8358 4922
6191 9123
6126 2728
522 3051
9700 4254
1782 5756
5139 8107
1304 455
9674 5658
7756 1351
6569 661
8516 6591
1549 6967
6316 8581
2200 9416
6151 5833
7688 341
4669 7985
5842 1096
7450 1413
9552 3773
1046 8708
8717 1115
7633 709
6331 4437
5456 4841
3578 1142
5100 7371
7414 4726
1067 7152
8852 3747
4545 3572
9694 5761
5325 4204
2382 20
1497 5505
9404 5546
9655 9100
8907 4513
2394 2120
938 9488
3309 7785
5479 1722
80 1840
264 8543
5704 5973
4527 6968
6476 3064
3283 2132
1142 6652
4357 7915
5104 2935
5541 8977
266 2405
6461 4902
1481 2595
2223 9248
4708 1107
313 1316
3854 2608
7800 5738
9977 8903
3159 9932
6560 3526
1933 9446
8891 9051
7076 3726
6478 2651
8144 3998
3059 6696
2948 2841
6110 1820
8169 4187
2056 1152
9935 2528
3927 3963
4873 7664
3468 7189
4753 8157
5149 4727
4240 4036
9308 3903
5882 8207
8783 1434
2019 8871
4166 3450
9853 2185
5966 3104
961 6505
2746 3829
3087 8482
5268 5165
7646 964
2009 1509
4790 7897
8252 8328
2703 6831
1998 5544
5138 26
6079 9322
9028 4483
752 5274
5142 4208
4570 9621
8098 5441
124 1803
8136 9466
6830 8296
6103 8526
6328 8387
8772 102
7291 8337
8036 6826
4052 6240
1758 6649
2389 7641
8720 1764
3153 1267
828 3955
641 4293
18 29
3819 222
9342 9331
331 1109
1360 4735
6563 7844
8014 1845
5565 6042
3299 850
6253 300
9011 3782
2873 7576
3404 8260
602 5697
189 2608
8773 8830
2144 395
5795 5591
7966 3336
6058 8545
7625 4606
69 6251
1318 2088
2568 195
622 4748
3759 7004
1882 3905
6639 943
3153 9549
9161 1830
4010 1815
3783 2935
5353 8508
2550 8003
5512 7516
7279 2773
4510 4147
9192 99
977 2061
659 3013
4710 5162
2008 244
1370 4341
6635 8361
3349 8300
1088 843
5602 4554
4294 902
2366 9271
4229 7168
1455 2731
4069 6572
8212 9569
7297 3382
2045 6296
5211 5128
9401 3120
2179 9198
8676 9401
2562 1975
3583 2587
4692 6195
8106 6001
9196 1378
4910 4104
2532 4464
1716 8108
3877 4403
1643 990
7849 3563
2570 422
5764 89
7677 1672
4785 201
2992 5013
139 7770
1679 972
8014 6008
7294 324
2909 3437
7167 957
661 5113
6638 1382
7182 5578
5397 2352
4544 1776
7869 9236
3346 4485
7463 9859
4062 4633
6412 1134
7270 9555
5248 9565
4889 9712
3691 3583
6634 705
6841 3368
3624 77
6209 6017
1023 9585
1401 4516
9813 9269
8593 3540
7995 8601
9025 9310
7466 6275
9066 1952
8856 3078
5392 1221
5462 7770
2212 4675
1560 9099
3592 360
2275 2161
2088 2277
4094 8943
8158 4494
6976 3245
6332 9592
9733 1404
6012 6696
725 4657
655 7423
4668 2554
2745 9447
6593 5134
8218 1001
9166 7346
7646 7074
4982 3955
9000 4834
2668 9145
3037 1283
8239 9143
1119 1654
4447 5397
9561 9320
5492 6485
2797 6086
9725 8362
3332 6129
9928 2636
9198 9384
5433 6217
503 3408
1904 4539
2714 2872
8846 1476
4264 9370
4453 7246
3036 3632
6573 666
9573 6673
7974 8962
2989 8442
5043 5772
9499 9406
4791 2817
89 7610
8349 3770
3678 8536
1273 8570
3168 2141
6946 2147
8983 8587
696 8847
7679 7898
7244 7426
5986 824
267 80
8667 8010
1370 9828
6305 5291
9853 3809
6262 4915
8761 804
6419 2585
9727 5634
1313 1863
5120 3365
6053 2439
1840 5578
4390 1485
9656 7868
4100 8500
4200 7148
9604 1377
3458 2622
5262 5993
2656 8780
558 9602
2983 8395
9909 8269
5796 1056
266 6898
8753 5612
9703 4548
760 2222
9984 7068
933 3238
667 9804
4311 2918
9535 1743
5595 2186
6829 9830
3866 6143
5705 8831
2456 5978
3884 5258
334 4909
9724 4228
6393 5426
2803 3936
617 6668
6828 5664
4403 5136
2357 2911
762 9257
6737 6586
8882 1196
3405 4327
2614 4009
8092 1071
1770 8410
6343 5639
4080 3047
6417 8940
2776 7506
648 2564
4612 1290
7705 3405
3603 1326
9102 4729
8148 9720
2639 1503
7506 2042
1090 6931
8888 9874
8941 2174
8694 803
1839 4786
9479 4077
7587 1540
5431 2998
6190 3917
9109 3021
6796 7340
6259 2817
3919 1377
4550 7575
7461 1680
8647 3132
9671 4327
253 3990
336 9784
9347 3623
7444 2088
2918 9911
7025 8482
475 829
8735 2207
9832 2005
4741 1813
6240 3975
4815 2686
7500 3912
3208 5809
5445 9717
64 7863
1603 4452
8466 8431
6618 8068
5922 1736
741 4579
987 9533
1737 2794
5758 6936
577 1062
302 6770
8379 8300
9246 942
8079 5298
8692 6080
5711 4915
3196 2638
3178 1657
5969 1058
6364 166
5431 6444
6381 1913
2587 5608
5942 1005
7715 4072
1403 5503
183 3393
1649 3395
1117 401
7904 6172
8052 8627
5712 4347
423 7856
3248 3660
3167 2948
7507 5964
5329 5141
3515 4262
4865 9507
2315 7862
6039 491
4060 8364
8449 7557
2716 6500
7698 2585
7352 3882
8896 2855
9316 6442
8481 3402
3274 5143
8075 1379
4951 5777
8057 3583
7874 4033
69 3449
2630 6283
6082 2134
3043 4300
3674 1717
8625 7982
2560 6958
6202 9576
3959 340
9514 8099
5750 449
9190 784
9179 6126
7575 9530
2672 6603
4186 4560
934 8760
1081 5680
2318 1199
2466 7957
2311 3243
6121 9918
6965 4902
6431 8073
6842 349
5262 4607
6560 4062
6147 9963
7581 4931
5144 4511
2139 2564
2292 9102
4120 435
9741 7833
5815 164
4900 274
6144 7086
9320 2456
3003 4066
233 4808
575 6107
7161 43
8893 523
3580 5961
3011 7981
2585 2896
4429 1864
8800 2016
1224 7112
9394 2611
3783 2441
952 651
8746 5346
8485 2925
5477 6851
3111 4305
1848 8755
9884 7533
5824 7168
908 3801
4942 337
4830 7324
7682 9381
1921 5073
866 1036
1381 476
6520 6294
8642 2582
3332 2844
8731 1225
4147 9842
9018 7739
6670 5276
8303 9734
8617 6596
431 7679
2358 4195
9459 5496
6327 7768
159 1238
2394 3794
1520 3406
8735 6081
4403 827
8644 6866
8782 2890
1253 453
5336 4975
4521 6558
3281 5176
6258 2963
9524 1750
1127 3795
3770 9248
8010 4452
905 951
9426 2797
3131 4982
7812 6140
4 9472
7208 1816
1969 5013
6568 2553
8401 3657
4670 6469
8886 2213
2581 9530
9072 8320
856 630
6642 7997
9779 6590
2340 8741
7700 2353
7534 394
26 3336
4958 1377
6200 6635
9768 9121
1670 2368
3525 3427
5952 9632
5043 1842
4758 6776
8660 5629
1383 362
8468 6317
7306 2368
7130 8510
1946 5477
7463 670
8837 9336
4773 9768
9933 6991
3351 5877
1963 6085
8643 5193
904 5802
5803 5999
2524 438
925 7915
3836 2123
7549 7170
3182 3152
3936 8357
2613 3623
1424 1330
2327 4338
232 4667
9342 5566
6303 3437
127 4132
4288 8465
6404 2211
1386 8611
1092 1517
778 3455
3432 7387
7743 3317
7528 6301
8320 9612
6931 2045
4885 2624
4620 9237
3090 1169
7433 7072
6477 1261
2082 1183
5833 1913
7079 6153
6462 3820
796 8611
8753 1320
1219 8513
1147 4281
4987 8410
1569 8217
3906 4884
1341 1760
4781 4418
8959 1916
4155 6525
9982 6671
7195 5847
613 2374
7368 5409
954 66
5776 9651
346 3792
6918 6563
6464 1942
598 7212
4096 9640
644 5170
8930 112
4545 6362
1750 6985
7294 113
9939 8404
1100 5551
4297 2245
9903 3372
5355 9531
7509 7400
8284 5759
9420 5596
6338 4461
7304 534
346 5463
5910 7738
2913 3655
9712 6270
4005 8439
6633 1968
2053 3869
7247 9481
6163 6955
8431 4599
7529 3470
4864 1731
3354 769
829 5336
8376 6479
8640 4304
2334 3785
9506 9057
5855 6912
6159 4251
8208 7819
6871 3707
5942 4875
8255 8185
6788 5344
9279 2738
1307 1885
1431 2366
1191 3090
1733 4847
967 5440
207 2583
8586 827
1507 4163
728 8059
2041 3122
4371 6889
3933 2432
2557 7658
4978 2880
4915 2636
510 7817
4144 7760
1118 2126
2600 608
6376 9489
3831 3429
1951 3259
7233 3923
2186 7959
1114 9392
7098 7850
4459 2225
7266 2289
7718 1182
9161 3167
5502 24
8544 7201
5168 4662
4221 7252
6012 2775
6235 7962
2051 7929
3743 5673
9702 2693
6281 5262
7177 8618
6961 663
4877 9044
4503 7681
5704 4003
8989 459
5039 9228
2514 7404
9424 5058
2505 3527
40 8302
2756 8904
7972 7308
5282 1127
9066 750
8515 3477
8656 8426
4348 4467
6442 8557
6706 1665
8762 5901
380 7098
4960 6402
558 5844
6125 1161
7561 1684
2329 7548
1127 6639
5861 247
2375 3587
7896 1279
9195 697
7661 787
943 2995
6829 1760
4454 3175
7212 104
364 7089
9883 6977
4749 3527
3542 7798
7451 966
75 2275
5870 6316
5010 6442
6055 9779
9421 9358
918 8953
7318 6815
7998 8867
4276 9259
9091 7963
5255 3721
4328 2376
4122 5828
2804 6297
3961 4681
9313 5254
4684 4773
6810 5002
9769 7890
7627 1696
2801 5924
6898 706
9782 5584
6211 3350
6634 6701
514 5218
3244 3136
9299 8144
3675 6329
8451 2829
7882 1657
7752 7589
7072 5866
9404 1077
6231 5185
3755 1098
1718 8681
8990 9422
4790 2839
6901 2178
1348 5973
6603 7016
5445 1877
9853 9209
4052 7063
3256 6883
1764 3883
4278 9101
3419 7610
543 5977
8282 1832
1832 318
5718 9828
833 1304
52 692
356 6578
9166 9975
4629 6745
134 2543
3289 618
7320 8280
324 6390
225 5311
8813 5527
3789 5810
2074 3967
3311 9152
1130 2783
2082 7975
7355 8858
2361 2608
98 1769
4570 8445
1034 1444
2097 4462
2438 3799
1193 4503
1266 5865
153 4152
795 7683
9029 7962
7560 6632
4858 2226
6206 5171
2767 7885
7005 3089
7393 6365
4671 5780
7342 997
5733 5717
3045 4709
2750 1909
861 6460
3246 9072
6002 5760
6484 5174
818 6420
3373 5458
7932 9314
321 5332
3323 6063
3948 2591
8782 7995
8441 8080
8306 9859
2302 8968
588 12
4460 344
2836 2480
4635 8265
6963 4320
2468 9140
7726 1595
6977 7311
6604 9929
4291 4339
5935 1279
9181 3996
556 5498
6706 7895
6595 1286
4269 3252
8700 8601
4783 4379
8226 58
3892 3249
3344 6656
8091 9904
3194 8780
2767 1702
5522 8004
6910 4335
6742 866
5742 1997
2275 2876
1547 3158
6994 5024
9988 8739
6836 759
3162 1760
6184 7991
2001 421
8890 2467
6783 5489
9237 1112
4945 7399
1543 2837
8502 933
7781 8151
6451 9368
3592 1121
1503 8016
7435 4636
9752 903
268 2291
6392 5358
7394 7414
5184 5981
1875 4739
8970 3779
869 507
4083 7743
5666 393
3468 7580
2623 1064
1313 7126
2083 4418
7929 6988
7780 6575
5489 8669
1484 1115
4733 7322
2980 2880
5464 3180
3631 7391
5322 6159
4587 3706
4880 478
4542 336
3438 1859
842 1746
3591 5050
1222 4681
3402 3616
5983 2739
9412 8052
2069 8666
6901 8634
8623 4844
4140 8617
3235 7690
6149 6051
4547 8724
3441 8766
9315 664
7753 9791
9701 8364
3554 1564
927 7801
3687 4756
2592 2196
9157 9722
1200 8993
7065 5591
4394 9427
2095 3443
3158 7875
9074 7881
6765 5250
5340 7117
9229 3529
6560 2980
1585 9194
5018 3664
9872 7101
8109 1455
8687 1223
2004 3066
9700 4851
8729 7865
4641 7881
3100 4813
1227 5744
4541 7547
5909 580
21 4907
8852 4073
5244 499
9069 557
1233 6878
5427 49
4846 9684
376 3050
6041 7207
2526 5940
522 2864
3286 8017
5881 6904
5749 2118
9542 6634
6906 1710
9055 4970
1208 4105
9863 8965
4894 8003
2746 7153
8291 9860
4311 9034
7807 6748
2609 6184
7936 6048
7116 9644
7716 4562
8148 6572
6111 4587
4797 6384
4189 8375
6630 5813
298 8723
9226 679
2108 731
1134 5616
4338 4743
9640 374
5719 1971
5177 8226
7323 1002
4430 7008
5441 533
3647 2735
4412 2836
7483 8630
2587 1598
4746 6271
3014 894
106 7308
6332 2742
1931 7344
6170 1323
3020 2796
4384 275
8728 2785
2347 4657
1518 2221
2350 8818
5536 1448
8756 3593
1686 9114
496 5078
1117 5367
933 43
2616 1745
8392 4563
8543 4861
5099 8664
5634 8331
7572 5954
7792 2917
1928 3134
5249 751
425 789
6139 6367
4341 8452
4789 7424
4746 5148
7398 8182
1112 7499
7709 2222
8416 5595
9343 8972
5386 756
3609 1328
2764 9658
1490 3387
3796 794
9331 1981
5122 6507
3782 9843
7339 7968
6631 9810
1346 7130
5561 5630
8990 8565
1811 5601
2396 4815
8061 3083
5195 1185
5009 7152
341 9564
1782 2525
7334 9808
334 3587
868 3977
915 2600
8249 2240
21 9155
5557 73
8324 3451
6304 3367
4739 8596
8323 2950
3324 2950
684 918
2428 2584
4111 8711
4067 5820
2893 8429
7155 943
954 4382
4152 8380
2701 1608
8284 5888
9762 8218
6321 6492
7915 9540
978 3777
1956 3635
5049 3355
4477 1917
3894 8527
2084 3889
4237 3299
7050 561
7187 3449
4863 1374
4168 5886
7013 5686
3187 8069
8281 7284
6274 5261
9931 6544
4959 5784
3653 6148
1375 5051
7020 8540
9575 6664
9347 8416
9362 9742
754 6709
6657 642
4642 135
4186 9095
366 1226
6366 9715
3385 5599
7948 7264
5535 133
9808 5538
1694 5429
9547 1917
9222 4579
4453 7157
9372 974
9701 8167
820 222
5930 7826
5592 7570
4710 5453
2653 6857
3841 4382
327 9074
1883 4049
9746 6470
3342 5369
3007 3401
4635 1933
1680 7194
3288 6945
9267 7681
9072 4057
496 5834
702 6739
3807 6679
1907 5100
3028 9904
6805 5602
8108 2838
3283 5054
2736 3331
4924 4115
7748 3114
7351 9675
4221 6209
8547 2597
6959 2028
1398 8522
3420 1317
2815 9511
8095 9493
4848 1875
9825 4734
8562 5934
7158 5741
5787 805
4678 7791
2861 9867
1638 1993
9575 9248
7053 6192
4374 3449
9598 5058
5990 7858
7104 1253
4535 213
8675 5622
5174 5526
8645 602
7724 7296
4072 3862
8263 3587
3316 8428
3435 4345
1172 4318
4422 7476
2613 5147
7622 5781
7653 5434
6080 5519
1780 9039
4467 1944
5569 4717
5354 8149
5939 6249
8405 6879
6673 341
5352 3372
3711 4902
2928 7508
5690 8741
9894 8395
2468 1487
8807 3811
3438 7142
3496 2094
6607 3543
2166 8925
2827 8826
3326 2475
41 8587
4126 6506
1625 4588
7788 6448
4272 7191
3121 6141
70 1262
8357 3847
1863 4637
5368 7599
3937 3656
3262 624
805 5072
7549 6576
8247 9583
9166 5840
6485 2310
1570 3231
3220 5966
4085 446
6024 2572
2967 2224
1861 4184
6223 65
7822 6757
7518 4511
4875 2473
6204 2260
564 9179
2447 4818
1312 1034
3295 8611
7691 1186
4045 5778
7092 8007
4104 7475
8947 5970
5438 4589
2802 8387
8238 2702
4820 7772
915 6968
7039 6062
2143 4932
8780 2108
4318 7681
6143 8010
6883 7662
8566 4555
5205 1914
6258 7157
859 6776
7564 7702
5718 6631
7576 9181
5652 2253
8714 1344
1688 8384
4553 4737
5807 1599
6594 4292
509 4839
479 8642
5044 8027
6996 1729
145 2187
7406 6596
8173 2837
6356 2900
4027 1519
5466 1112
6056 9216
9092 119
1778 4589
8284 760
4678 2679
4271 3639
6 1396
2639 2127
3376 7837
708 9878
343 4122
3603 8561
4855 5811
4348 7330
8958 8298
1897 9297
5388 5393
8340 6777
9144 8216
5270 473
3895 9674
1184 8056
8594 7695
1077 247
6970 3865
6648 8992
7423 4041
8970 9359
843 1744
332 55
1940 4075
5812 7082
2059 498
3581 2574
6575 8916
289 5379
728 2045
4351 3693
260 2097
9930 8277
8066 2004
6003 4071
5536 7499
6102 6928
914 6212
2604 1799
3468 1577
2317 9580
9216 2802
1552 1989
1369 2479
7772 311
2027 6456
2283 7875
4102 296
8777 1474
5932 300
7592 1932
2999 9203
1406 3451
7419 8491
9495 7279
4854 5270
7788 2755
3412 850
2644 1732
5554 3778
1752 6409
9231 5828
6491 1558
9093 4998
4892 5007
8580 8035
3685 4482
6698 1397
5989 5394
5935 1883
6708 7925
7214 200
6346 7737
5186 63
5494 6972
5009 4576
969 9428
6249 2436
6161 9369
9918 8648
3369 9482
243 6544
3206 804
7872 5775
4140 5725
7194 9717
6520 9638
2158 83
7593 9188
4682 3464
122 2098
1989 172
298 1841
5776 4802
4303 9791
4727 1569
2919 8077
3876 5199
9557 4841
3127 7676
1022 3530
794 708
3858 8042
8713 387
3789 2199
8731 5960
542 9398
8345 7619
4675 7939
4944 3624
5279 8736
3879 6894
1007 8589
2546 3627
8752 4748
1936 2030
6724 8633
2951 1084
1443 3054
6945 7039
8201 5482
8124 988
968 7345
7797 2298
51 2365
3003 6227
445 2671
8189 5661
3848 5108
9551 2819
8684 96
1548 799
312 3859
2178 9673
4772 4212
8659 5206
6490 19
711 3540
9360 3709
631 4476
1329 9799
1127 1800
5177 2083
8487 308
1714 1841
9635 697
9905 2683
9373 4470
3006 130
2850 5295
8289 786
4056 1247
9961 3176
573 6351
6470 895
3627 4473
2827 7158
2796 3805
9674 5492
2080 6416
3165 3307
8794 1902
1318 8969
3418 7642
7887 6939
1955 1976
743 6872
6111 3393
36 4314
5061 9866
4554 380
9493 569
4435 4014
163 9183
6185 9300
2081 6840
1107 6101
499 6348
8880 7418
6971 3865
5230 5902
2710 2503
1521 6206
4266 151
1958 2711
707 260
3331 68
4881 1535
2257 6399
8558 2070
7350 2231
4598 8936
4333 9016
42 8683
5938 379
9853 9910
9880 5499
3615 3983
1134 4679
6543 5625
5740 3151
7545 1913
2041 307
8813 7669
4006 7329
6999 1491
4045 9432
6176 6685
3743 6896
5181 1329
7529 8543
5649 9514
5810 7488
224 6280
146 8475
1546 9588
556 8417
139 896
4946 5332
3194 1489
4629 1308
2754 1703
7413 1707
3462 3991
6782 9452
1729 7628
4963 964
5319 8597
5424 6035
2903 9946
3199 7342
2260 7533
6701 3947
6898 7273
6718 7937
6689 3882
8748 7143
5228 2880
6219 4908
291 8518
8988 6275
5549 126
6473 4003
6099 6251
1889 4673
8557 6929
6906 7696
317 397
1972 260
1640 790
1953 994
1571 7959
6196 9260
9812 7851
8641 8113
819 8847
3391 5767
8849 2256
2081 4673
7745 393
6035 3700
1961 3863
6152 886
5327 5941
2104 8019
1945 9238
6771 7973
8722 9686
8215 4836
1498 6285
2098 7773
9816 8854
1466 1426
4301 8914
58 9029
148 3323
4146 1956
830 4734
5151 8297
3048 5526
9156 6601
616 7646
33 1703
2730 6791
5348 6448
8611 3994
9415 8068
8615 215
1843 4630
2467 3356
1191 540
7276 6258
2080 9
9730 7999
6314 1234
9844 2385
9253 593
7451 4647
8029 1362
7409 8824
4758 8386
8190 273
7000 9093
1043 444
6275 4923
9974 8150
9475 2328
1538 9539
8715 7045
331 874
7330 2763
9169 3570
8939 7590
7046 5287
6997 1052
3342 1624
2320 2749
4495 736
3973 869
7184 7926
3504 1150
3276 886
8427 1513
792 9008
4378 1437
8789 4442
2683 1224
884 327
7620 8457
465 7700
6988 7155
9076 6268
862 7982
6967 1188
9993 5702
2548 8128
7030 6239
9562 6121
5553 8056
2989 4239
7539 9487
8955 4336
9615 351
8663 6040
9849 6973
6742 852
4013 7224
5887 8012
7135 2106
1727 9819
2919 7268
9934 8866
3370 1992
8629 2972
1167 6093
9382 213
9413 5750
2641 6916
9742 4045
474 8228
3901 560
514 3886
7337 3413
3913 5406
1505 9544
6438 3707
45 7303
4621 2618
1499 833
1690 2091
4936 6113
2085 2842
8193 8712
9995 3464
6047 6456
9987 5988
4342 3659
1968 2512
2817 5130
9348 6644
11 9215
2923 1163
197 2605
178 2884
8812 8149
4261 1249
1666 2313
941 4377
3134 8894
5774 5155
4697 4188
3867 6523
8580 4633
1793 6414
3835 3053
402 9621
6229 9318
3372 3981
7975 4401
2440 4824
7145 4692
9281 2688
2394 2730
346 852
145 4942
4697 5189
8622 7994
6549 4058
8119 629
7063 3352
6770 315
2646 7046
7370 7620
7549 5773
2464 8390
172 7539
5971 7333
4012 5154
7507 2915
3956 1812
4634 4467
9172 3709
8677 1861
5053 1162
2369 5700
8392 7751
5474 5022
2860 9925
3369 6950
7421 2948
1657 7604
5856 3522
8498 536
9605 8559
9817 5884
8010 1606
1900 8080
7598 469
5860 9236
485 4259
1596 8077
8804 9224
6811 9223
7565 8326
4580 4492
4734 9011
4573 6497
3916 6195
4511 5377
8163 7745
2770 1280
5480 6684
6469 9708
6663 7627
454 9632
8432 2856
3920 6225
1660 4196
5675 1556
4740 7776
5178 9982
2793 5614
4451 1518
6267 1056
3905 6719
9926 2984
2450 4777
4143 2980
2315 5604
5841 3205
8917 7590
3610 6004
6354 3744
6145 4189
1911 5135
8566 7651
6570 8198
9233 6015
6586 6355
8294 8804
6987 1334
3142 5068
5325 2192
4004 7838
8708 8927
4345 587
8687 6569
9306 8513
1586 4873
3887 1687
8485 3889
5534 4125
9943 1602
3680 7059
9654 8427
9274 4483
2608 9793
7556 7829
8518 8723
7238 6815
3107 5885
4279 5837
2193 5282
5250 9846
4123 875
9939 86
9807 1540
630 1705
61 2617
4869 255
205 6172
7721 7739
7121 4281
4782 7898
9489 5077
5276 4960
6946 876
7780 4154
2846 1396
6354 7515
9691 4484
6570 9611
3925 1582
7668 5218
8498 2858
4868 5194
3531 3776
5606 1929
3529 7221
1504 8775
8125 1008
2680 6114
9737 6402
9436 5061
7427 5155
9438 8218
9425 2367
2243 230
8535 7291
9188 2059
8140 7245
8867 8821
87 1646
9315 6847
5146 2301
3519 8435
5108 2141
1149 5520
1102 5678
7161 5646
6755 857
51 3536
5890 2641
901 9856
7765 3753
7891 5671
622 8633
1318 5979
7778 802
6379 7707
1631 6950
5041 3739
411 8719
5915 2898
3679 5690
6572 1075
7853 9998
9116 9111
600 8442
9852 1791
2602 1856
5368 9868
1179 3015
9025 4667
6846 2240
8749 7698
1545 9338
9277 3848
2296 5
3917 3607
6684 1160
1704 7653
3554 8169
8522 8543
3717 197
3313 588
9649 3661
5251 5605
1505 6263
1810 8280
5077 6141
3267 9482
1573 163
4974 2781
6982 1573
3530 4617
4544 8037
5069 6990
8670 55
8658 7189
9006 9472
3391 8559
522 7385
9482 6715
8596 530
481 2992
6327 5815
354 723
1980 6835
7739 6891
4074 2704
5036 3583
5392 2301
4974 3928
9255 2167
4602 3479
1 8108
3564 1596
902 8612
3641 3241
4617 7105
823 8987
8673 1354
8065 9672
9276 8103
6657 8285
5970 2901
8981 3513
2979 1447
8735 7057
8668 7601
4193 4149
3749 6044
703 3088
4428 4880
6648 1982
4881 1999
8446 1522
4627 9960
774 891
8579 7743
1441 7940
7093 6336
2294 4306
4046 999
9753 650
4833 5646
4079 3940
9492 5340
6249 9430
9582 1967
7932 6060
7230 5662
5275 8190
5561 1232
9238 4440
4691 8823
9549 990
6461 2289
8751 8121
3442 1535
2097 9271
8429 6432
517 9688
4597 1326
485 7594
9319 3085
2166 1498
8116 1739
2657 1538
8663 1499
6461 4828
9572 3494
19 4058
5132 5524
5971 2283
7869 3698
3060 8876
6833 6880
735 6914
7023 6569
4206 7510
8843 5548
6567 7823
3426 4552
2909 6390
3724 2413
7669 7874
2736 6953
1691 314
6028 2442
9837 5809
5518 1334
6849 5551
2536 7510
7136 910
9255 6850
8108 1481
5496 9830
3879 8807
7472 6443
4724 6675
2652 8133
3907 1813
1263 2049
60 8632
7990 6625
6511 3762
7400 554
1072 7563
5964 8567
9472 372
4898 6791
6583 5567
528 3968
5645 2847
6577 4701
4622 4118
1349 2143
82 834
5918 3945
3991 6157
9639 6213
4850 3189
3134 1591
4044 58
4341 6566
1964 3178
7742 1589
4659 8228
6313 4929
1582 6201
9094 9038
5805 4568
4495 548
8405 4528
1510 6665
4243 709
85 8049
240 278
714 9633
8221 9883
8055 8425
5031 9337
9939 7792
9401 9495
4124 329
7956 9005
8167 8189
304 3228
2536 2890
5566 3036
5237 4232
308 189
2026 8123
169 9178
7464 6405
3905 1309
1076 3054
6988 5313
3725 4482
9881 7138
2807 4053
7729 4447
2514 2780
8052 6441
9397 2502
1392 628
1657 6425
722 70
1436 4714
5719 4592
7403 6722
5188 6187
8723 1376
2884 4840
7424 2338
672 591
3535 7052
8607 1732
4577 7695
4422 7231
6415 8874
999 34
7529 2765
7321 8998
5095 5159
9522 396
3712 5548
9543 4897
8888 8839
7154 1859
7609 1031
6265 786
432 6635
5559 3986
2693 7020
7693 786
9880 5426
145 4888
6239 7565
2301 2971
1024 1701
5064 3434
7450 8576
2578 5040
4004 8183
8547 6767
9103 6044
8437 5218
9116 7585
9639 6642
241 3076
4172 7599
317 8189
9650 3777
9749 2616
2670 754
2531 3336
1463 6583
6059 1933
3875 1108
3389 782
7124 8064
5479 4721
9920 505
8452 3357
132 3170
3581 6286
1269 5056
9471 4213
9128 3154
9722 1576
74 520
7047 5627
8071 5186
1350 6205
5586 6449
9161 9950
2756 53
8453 5219
8268 5855
7330 1609
1674 4543
6099 3584
9578 8472
533 9071
2477 251
6108 8668
5331 767
1621 8534
6528 843
6572 1720
834 9617
3151 9271
7137 2816
5086 75
4870 553
5342 2395
5357 3705
8806 1625
7831 8720
7553 7963
9310 4140
1000 7013
8586 59
4869 6447
4874 3995
6068 4095
8482 6575
9073 9795
961 2740
3939 955
1376 2038
8256 5518
3437 8072
5457 1397
4761 4504
4397 1675
1729 6195
4363 8087
6921 488
5852 6125
3047 9795
6673 6313
3541 5221
8753 8438
6800 650
5249 3620
6358 4086
4941 3523
9195 6943
2086 6454
7804 4101
1562 6666
9301 4689
5366 9310
2163 9956
623 14
967 6390
5304 628
6128 7824
4830 4416
150 7514
9292 638
9863 1065
8313 6863
2281 425
7860 8559
1357 4369
7798 8812
1673 4310
5163 9114
6971 1281
2758 4674
6682 7101
8920 1270
3335 6724
4791 1471
5438 6846
4856 5328
1327 9358
915 6893
7927 5265
7020 6549
1718 4306
4031 3095
6571 3123
2769 2735
4420 9981
3924 8373
9116 6237
1706 8493
4976 635
6166 2641
2733 2984
679 6959
6020 4315
6084 2469
3150 9096
2475 5675
9895 2192
2840 71
6109 7108
9567 9608
5151 8658
5796 5891
611 9988
572 8711
4982 1983
9870 773
9667 7317
861 3451
4689 4725
8273 2595
6264 4483
6805 715
908 8085
9838 8803
451 7110
2190 918
4366 8722
5951 2841
1200 9761
500 8769
8306 7875
5156 6364
3449 9648
376 6737
609 9659
4676 641
300 148
2368 6810
1531 515
6838 1033
976 646
5997 4556
9882 263
4275 827
863 6336
7449 7388
5455 5404
7622 4084
9249 9239
4010 807
3401 3977
2241 7713
2166 9718
9156 7046
7851 342
7566 1394
6908 1189
2342 3132
1284 2763
8984 4593
2083 2667
4276 8764
9327 1830
8690 4890
5860 362
1053 52
613 2125
5376 2482
8466 3391
8998 6091
3701 3518
5879 7227
3519 5463
3961 3794
3656 6975
5233 8333
3808 6494
565 335
7756 1190
2892 7028
859 7697
8043 5306
1908 1209
6592 5988
6959 3740
4243 401
833 7401
2299 3228
8492 3006
2663 1336
2294 8893
9679 4822
5965 9427
342 7436
392 7354
5071 5742
4098 4603
3096 3731
4259 5935
7228 2426
7634 7600
9440 4434
6329 3193
5184 1482
2982 8904
837 1272
1806 3928
5150 2586
7917 9847
5723 5862
7517 2031
2742 729
8832 7921
9637 2875
8620 930
8447 2072
605 5152
839 6653
3993 7766
3123 9352
3278 6712
4515 3724
5994 1057
9688 4353
2501 1089
3835 4225
3386 9363
8691 4108
325 4570
881 4016
9131 9830
7216 71
3550 8492
8941 1170
1345 5763
9826 6578
2239 7479
6251 6181
9598 636
6654 3152
6816 2648
2220 8263
2513 9502
7883 8400
4649 4990
5295 6105
9888 7554
2398 1082
9070 461
8759 2104
2361 3218
7937 2218
8469 2736
24 9308
2534 2403
4830 5099
1417 7243
8091 5610
781 1019
249 9229
4552 1177
8043 5690
4802 9857
6359 9979
8038 8739
9768 8136
545 6964
5541 7393
776 534
9835 1653
8505 898
4394 1673
9189 2660
2275 3797
2106 5702
4618 7714
7193 4985
2713 9904
3147 7599
6334 1213
7972 9234
3333 9591
7789 3030
1421 7819
4913 1997
407 9838
7804 1247
5187 9118
9952 3034
1462 9976
7437 6905
7531 9407
2374 4468
5934 156
4169 4491
9942 7332
7734 6363
1388 712
7442 8509
1133 3123
9169 9100
5562 8226
9617 2362
5539 4509
5074 4262
2900 7408
6998 5646
766 7761
9523 8410
3904 9704
4248 8996
6985 5791
1687 9920
6814 8239
1330 2370
4442 5196
9068 9186
2763 919
9148 6048
25 2601
2716 5494
5840 6805
1805 8239
5033 5451
6441 6322
5060 175
8851 2582
4101 6772
580 3488
4737 4124
1454 4230
86 7373
7889 2407
9202 2733
5756 2734
5092 8384
4084 5581
3420 7120
6241 5286
9202 5999
7304 8307
4701 6234
3067 4829
2998 8272
1840 5595
4412 556
5176 7203
727 8870
394 2578
6754 4992
8754 1979
7842 2557
2107 2671
1829 8498
2248 1100
6094 4749
9796 9369
5748 5795
6477 962
4360 7292
597 6064
111 553
889 9679
8044 4903
2926 7996
968 349
7242 3359
6226 9694
8101 6707
8808 185
2220 4078
7002 1399
9033 5835
2841 9122
1606 1360
7817 857
2645 9446
7018 2276
2919 6181
8128 2268
7256 6307
5954 1211
5677 8777
9947 2974
1088 5992
7754 6957
1667 7968
8647 4352
1751 8581
8544 1994
9299 3343
4556 1925
3299 2680
912 3150
8841 5556
6828 9189
4214 8585
4841 3366
1857 4509
5432 7662
18 193
2080 1417
3095 8632
6534 1364
2430 8676
2272 3800
4466 8832
5115 9880
5032 6044
1640 1780
3327 1727
3727 344
5075 3398
7349 940
3208 5612
8327 511
1643 9030
8205 7622
7365 7230
7975 5961
4913 6416
1715 1023
7822 5804
2370 3570
9080 3696
3654 6834
7797 1812
7363 7352
3218 4560
5212 2447
8321 5432
584 8632
9677 4060
2679 4401
5005 3404
7802 3002
4595 8966
9776 8605
2331 7652
8478 5819
7275 7256
7035 6407
1656 4476
7247 6174
1103 6618
8814 2545
6308 3404
2123 1612
6516 2342
9379 5274
9548 8025
7741 524
4845 6394
1463 864
9702 2772
1747 1140
3614 2467
632 1723
2880 3951
8844 6046
3853 4169
964 5434
7050 4349
112 4669
490 2665
517 4696
3671 1296
4695 9558
1986 359
8865 93
8790 9239
7973 2114
6111 6757
4253 7913
2616 6221
3495 979
2923 6421
4603 6071
6245 4501
8019 1124
3771 739
3192 6836
1572 5033
9792 2794
7946 9692
6539 815
6061 4071
9516 5263
7930 8573
5725 2984
2317 1702
1441 5083
850 4958
5574 9663
7873 6311
7213 236
1027 6457
8053 8602
2744 8330
4899 2013
4302 1147
5725 6313
1362 3638
7060 2737
2249 3384
4728 9186
6413 4539
7746 9329
3432 5213
6882 1398
6269 7914
253 6045
2905 9931
8969 720
3546 1863
2625 4503
6598 1844
1862 8117
1637 1345
627 6972
5310 6639
3212 7979
6072 3094
6805 5643
6910 9066
577 5231
8719 9009
8674 7481
4037 2761
6922 5782
2239 6501
1514 7990
6377 326
9336 7942
7693 3544
8102 7334
7020 3070
8656 5063
9468 3284
1306 3078
1616 3252
5529 2898
5652 1608
2964 7100
3512 1041
280 836
3696 1111
5456 8738
2060 4129
704 380
2668 9715
4796 7067
5976 6014
1308 1648
3176 6246
7401 2071
1042 8644
2031 2935
9027 9755
8480 7707
7639 8729
4188 875
2485 9236
7777 9844
4914 9873
5835 3605
2065 4572
8319 4647
351 7721
3362 7129
6484 8271
4051 7773
9129 147
7684 34
8808 2736
6871 4234
3318 3100
8131 8494
9610 236
3212 9431
1945 7296
1651 8924
34 6221
2694 9343
8437 4727
3863 2062
4954 6017
8724 7405
2807 9005
4786 8026
4337 5085
5869 8090
1333 2670
7764 3928
3946 7663
2874 4884
7284 3315
222 291
9440 8347
1417 1550
6374 4925
9878 6917
7277 8531
1890 9033
3894 5631
674 683
1569 9413
355 3303
2680 3099
59 5443
102 4878
6611 2029
1755 2961
8156 1976
1699 7580
6349 6053
138 499
8776 1738
7201 378
6827 8802
6878 1588
2502 1625
9848 9714
1076 5691
5252 1703
3251 7979
9495 2483
2036 1665
3349 6133
8853 9741
3893 3702
5396 8416
2368 8800
5584 6909
3085 3506
5939 4198
2287 3089
2892 1921
8376 8642
6381 212
2384 1000
7290 2004
2281 8318
5523 2323
3619 8813
4913 9298
743 6615
4021 7208
703 5296
8648 1274
6475 6400
3998 1017
2476 634
8455 8371
2843 2818
8636 7950
3005 6849
8791 7064
7876 8715
5938 2688
8338 5738
1778 1752
9012 3257
5806 6263
1426 3684
9208 3188
7624 4883
5539 6190
788 1290
1620 8935
7912 8234
8705 2742
3854 8676
9616 5095
7252 9692
1531 3031
5013 3
4030 1465
3597 2240
7086 9202
1647 3084
8670 8123
3643 3602
1831 4940
5745 4652
6063 4722
7591 5402
8315 4308
3373 7270
2012 8240
5624 2820
5074 957
3403 4800
6316 9208
3761 8956
222 187
6705 6982
2501 4531
9442 2421
4282 7931
576 7721
314 4879
1146 864
4466 4909
1299 6008
2260 7069
5897 9898
7553 253
1368 784
7812 3469
3044 5513
3014 1766
1673 3337
6308 6717
6280 1371
5254 2111
3630 2518
8461 369
5194 9981
3253 1249
3422 7640
2595 3969
1898 8169
258 3854
9786 2162
4904 5453
4225 4877
616 8593
9933 791
8967 5037
5259 4266
766 2097
9488 6776
1589 4239
6517 8669
5025 7812
1316 7058
8843 1769
5053 4459
1640 9486
5180 1499
9172 3315
735 8641
283 4628
3598 2961
7759 6123
5365 7948
8261 6202
9799 9847
4885 6093
8297 3745
601 9127
943 9355
9411 4978
7838 3473
5420 7016
7647 9034
8230 3389
2950 206
3199 1563
4869 7998
9448 4387
5902 7602
4917 6081
5874 4631
9394 1107
2387 4420
8791 4680
6615 8547
641 552
8640 8837
229 9653
263 1421
1040 5052
9182 151
7857 5874
1367 4187
1733 8538
8057 6857
1005 4593
8000 9019
483 561
5615 1300
7795 8449
6711 7793
159 4173
7014 3069
4813 4541
9695 4631
3794 1799
3892 7846
788 2742
3957 9553
948 3761
7584 9369
