280 8650
4303 6192
6703 9390
9989 1604
9033 726
8980 7485
5901 7719
1860 472
799 4206
7556 8898
6775 534
6160 4425
9489 3306
953 532
6005 5048
5043 1567
4189 4257
4851 3306
2229 5231
7701 4051
9901 4
4518 8075
7376 5334
7100 2358
7405 7664
5116 1438
7292 4933
2467 2136
964 6349
1420 7085
5621 1110
919 500
8107 6412
7042 7070
163 3790
6573 4823
6361 8456
4086 3390
5141 373
2360 6929
6080 9390
5303 8430
909 747
8604 9459
1135 4707
8040 1418
1648 5041
9225 1957
2170 5267
4067 5483
2907 3517
3160 9255
3721 8127
6655 2008
8121 7472
8030 455
8461 4884
4737 1774
8281 3515
5835 6052
2057 6931
5813 9646
7476 4279
3793 6417
6464 2506
1191 9437
3647 7037
2338 8370
9170 7950
4296 5209
4628 8162
3178 2551
7259 4695
3180 4551
8536 8249
9483 8234
513 777
7840 2993
2801 5722
11 8491
7596 4322
2671 9653
9422 64
9365 466
6087 6137
4827 868
7879 7010
5181 3480
9336 296
2850 8574
5809 1765
5217 5371
7896 8263
5106 6062
107 6786
903 4095
5159 3669
458 991
9370 9904
2649 1281
2715 7640
4633 3495
7348 594
3712 9904
6584 6946
7120 9329
7542 7552
200 1206
4268 6982
8795 2219
6397 2872
1949 6824
3324 9586
6131 7931
4588 5972
504 5227
7046 7995
8382 1532
7390 8976
6375 4965
7063 2890
1947 2512
2018 285
7794 1728
836 9174
8617 2121
993 9713
506 5612
6182 3085
6000 235
830 102
238 4361
1365 2228
1322 5316
5157 2963
6460 1913
3146 7477
485 7880
1328 7243
6825 5643
1331 9751
4464 9146
2593 2697
320 9782
9545 6330
5651 400
9373 6594
5130 360
3586 3912
9831 9808
367 2522
4450 9172
43 5597
6835 3533
1987 4835
2378 7184
2965 482
5509 1144
3345 6605
627 6256
446 2359
7626 8527
408 2586
4673 3453
4063 9450
2908 8704
7487 4775
1674 2246
5328 2689
7919 7786
5726 9517
4074 1142
5356 2421
7 1281
2641 9467
9265 4586
9618 7424
651 8091
7241 5506
677 9567
3650 3683
2676 6856
5632 5741
2637 6763
4995 9744
54 4381
1130 5024
9884 2153
506 21
1753 4998
7245 4071
3360 1765
9630 6266
3105 2149
1182 5427
2630 7615
1913 3194
6427 9963
3981 5203
6845 642
8446 661
8899 2566
9158 3259
2626 2504
2922 3189
5910 1644
9894 1440
3518 3760
3341 6576
7831 8195
7637 3114
1479 7805
4969 4807
4142 6787
7756 9731
2722 1439
431 6081
1419 1087
3341 9686
4959 5785
116 4289
6823 1641
1137 9869
1178 3466
4635 4806
655 7629
7586 2819
2883 6624
2375 8662
8616 5558
8793 1413
7789 2483
8629 8487
242 626
7977 1239
1601 1293
3859 9058
8230 6032
285 3334
2726 2977
1163 9237
8986 4033
6350 4697
7973 3868
1277 2887
7304 697
8810 3436
9764 2091
6543 4235
2419 2953
8616 5982
9880 1255
2203 5493
3452 5187
4893 6319
5391 4817
6235 2564
9532 5982
2134 6690
2878 8092
6018 6505
9034 7383
3346 2291
7937 1025
3127 3760
3383 8546
7831 4477
4374 4656
3159 7619
5790 3593
8635 728
3772 4138
6758 4693
7152 2558
9504 3605
7222 8126
2933 4664
5088 3275
6492 3495
9903 3124
9409 6483
9118 8139
1364 3606
7513 9342
6463 1249
6820 9774
5895 8518
6291 1140
4994 5966
8040 946
3541 3288
5323 5541
6933 2797
5198 2351
680 7006
3541 5140
7453 554
5554 4151
5838 9788
3180 416
8389 1281
6369 4541
6255 2936
6491 5387
9254 9981
9945 4427
2088 3203
4239 7392
5230 8205
548 8116
5458 8401
2598 7456
5898 8586
6441 7458
6115 3077
1495 1646
4376 8386
6936 9755
9307 9268
4512 6076
5731 2590
6672 406
6057 7790
7690 7081
9693 2585
4833 2431
1882 1366
9823 8994
2812 3639
537 7939
7065 2423
7016 3235
9117 1813
5544 7741
4637 9101
9798 4781
5598 6272
5898 1367
7475 9561
5446 8891
2154 2691
5154 5579
9848 7019
6652 2473
7441 3300
8377 7656
2623 4175
4827 4836
4634 5372
1216 8006
5150 2271
689 1389
3461 1900
769 1016
9130 250
4925 3941
2117 665
1563 960
2224 7321
3781 2685
6013 6353
767 5391
5740 7271
9996 4698
6690 8897
4785 9865
6331 3629
8297 2581
1172 1479
3768 7565
5375 4238
7927 4714
8898 8728
3292 5517
987 6891
2487 5329
2979 6877
8338 587
6677 3738
9944 5199
9389 8504
5891 148
3825 1352
7958 2483
9256 8718
5715 6930
8301 8450
1588 6901
5581 3701
6756 5452
6053 2875
2891 7982
7626 4092
7926 7530
9997 2854
7385 9789
5935 7511
9512 1808
8911 9881
2900 4273
7507 9833
4772 5851
9688 1756
6580 9041
970 3392
4030 7068
2987 5988
5047 7727
3678 9866
5056 9790
2261 3464
5625 7990
5472 3473
2113 4592
6821 689
3100 3303
6892 7916
6487 6847
8710 3228
3373 3185
5135 1610
9845 6459
7343 400
1969 4691
4036 2115
3894 7598
652 6257
5160 1067
8206 4601
7987 175
7829 7452
9875 2331
4893 8856
1365 4478
8632 8576
9430 3999
5703 4982
1177 4306
6430 2785
5211 1925
3285 3956
9633 1522
6947 4157
2237 6064
5360 2937
5150 7482
3762 3932
7302 9837
7728 9253
8885 3685
6974 6864
6203 5500
1054 4877
4813 3839
3801 9929
1099 7951
5015 3076
1080 7684
2260 693
7708 7304
6282 7798
6984 4974
4215 2972
3537 239
5765 1894
2601 9919
8015 2443
7788 6791
930 196
2822 8025
6055 5755
7060 5097
8676 7856
5838 6227
6572 8581
5597 5255
1948 4461
1807 6103
2428 1377
585 7492
1395 5564
6450 2724
9759 7614
6965 7044
5126 4092
5894 9086
7874 9556
8207 3302
8592 1907
8279 3137
1261 7518
1667 2752
1428 4118
2953 3634
9419 6961
1646 1414
1539 6742
401 4003
5357 1326
8645 9269
8873 5138
1040 4804
4913 5608
4472 4108
8619 2762
4008 1666
9187 1273
5699 2732
2450 5625
6556 5638
7151 5099
2069 5449
5083 7979
2783 7665
7112 7381
8016 4485
9192 4827
1218 4206
5458 8007
9141 2454
6840 6705
4290 9438
6429 8185
2043 626
9145 568
6378 9465
4475 7859
9248 146
355 9017
572 7073
9355 3989
9062 4199
1337 8937
7080 3773
6096 5136
4421 8314
5263 6228
285 6885
1816 1501
8139 6476
8461 4372
811 7805
8654 2939
3917 5785
34 4122
1351 3605
6130 3170
7065 3438
4529 9858
1285 4196
5829 7350
3685 1430
1879 2703
9988 6570
9812 6367
4124 5039
3773 5473
5846 9754
3460 370
5729 8755
8763 4644
6450 4002
7485 1427
3176 9009
2560 9225
1464 8792
4628 2642
4361 8297
5086 2717
7127 4054
5394 8508
3911 1599
7058 2647
4199 7844
3431 2505
1698 7185
8673 5756
4763 2199
2192 2599
8308 978
5169 7505
6030 216
5899 8068
5564 6891
4711 6520
1638 1714
4414 7288
9471 6184
1743 5232
9519 6660
5306 9680
7506 4451
7433 4392
6568 378
3132 4560
9440 3159
9518 7519
9820 1962
9468 2527
3814 7544
1070 7487
5471 5928
4703 9408
6873 2278
4766 1081
5011 9591
3520 3562
5648 8162
2295 6292
5325 5517
6509 771
5820 5194
5950 9287
5124 5677
1024 6281
3710 8928
1273 4941
6939 4929
6404 1892
6146 5151
3521 1019
1408 4035
3749 5456
7057 8490
143 2909
9755 6669
6885 8608
4306 8426
5430 5968
5743 4221
2567 4097
8192 6358
4691 3310
3733 5728
9466 7639
2047 3127
515 3168
8621 6783
7703 9108
7600 3833
8858 5817
3398 318
5472 3752
7235 1826
2775 2561
2874 6596
4619 8460
1057 8077
5952 9255
5025 3055
6311 6189
5211 7379
6649 9935
8061 5844
8796 7666
9113 50
9054 134
5662 3850
4241 5535
8126 8042
8636 3376
2403 2899
2369 2211
6590 1832
1447 9857
1521 2593
7219 6244
5746 5950
7272 577
7870 2860
7896 4136
4608 7111
426 7505
8180 9260
37 1544
4799 7281
8107 7890
3828 7438
6242 426
9051 9903
3806 6267
4021 6277
131 5306
1163 3241
2754 7227
7220 9209
9688 1723
939 4951
8397 9911
8394 7141
5406 507
8596 1997
3785 5929
888 1989
8580 9532
8251 3295
4392 6088
9613 9386
6165 4808
7053 4741
909 9208
8690 9989
8281 2574
8836 2026
421 7052
8210 6394
2350 236
3168 8651
6990 3202
7497 101
8317 3624
4906 5446
3385 5422
765 9281
4745 3915
6944 4412
1557 2954
8298 7341
3176 7383
9945 9974
6628 8968
6803 5986
2881 835
334 2408
548 6620
1939 5795
8538 624
9273 7567
5181 5939
4973 1521
83 8225
4077 5750
930 7675
2239 157
5690 4379
9212 6561
6787 2872
2007 9825
2431 584
8277 8610
628 9155
9787 7932
6384 4569
2455 786
1746 3715
6287 9756
9600 333
4172 1232
5912 7077
62 4094
1227 6099
4552 3326
811 3204
8037 792
6739 4890
1690 5560
4294 4390
4067 6958
2075 6259
5712 8256
7094 2787
193 8712
549 5266
3036 8029
2349 6197
1941 1405
2265 8711
6386 1284
7350 9550
4774 4579
4164 5312
6379 8536
5920 2553
3643 7320
852 6148
7421 8280
9099 1455
5347 5477
5495 5061
2620 2659
6519 1638
6960 7268
2995 8237
3724 4825
749 1572
5294 1083
2785 4489
9097 1662
731 3147
3408 7131
3763 8070
5433 3916
190 9645
9070 1393
5294 2113
1087 1202
1352 3807
5365 4864
1480 308
8820 2694
3033 8018
3182 9779
30 2845
3084 6205
6336 9398
2930 9098
6080 8041
8880 9561
2209 1419
2205 1074
2354 8168
1080 5314
8633 5719
6056 7232
625 4490
1545 1812
5423 263
4979 4945
8111 7126
5299 8147
1653 6418
2484 1252
4859 654
4782 8510
4642 7043
8926 8985
6804 5076
8693 3397
965 8090
3748 2103
9619 4282
9185 612
1569 5339
7418 1639
948 1790
8766 7037
2421 7767
2479 9820
2071 9210
2811 8137
4894 7034
4609 4556
1358 4261
3093 8877
6115 6153
5856 1887
9757 9695
6790 536
318 8216
7910 9860
6382 6461
2217 2930
8403 8451
8984 7443
2371 4630
5406 2973
6320 3304
95 889
565 5127
3564 8081
3745 4321
7827 3129
3319 6868
6338 1974
3260 3835
7524 2872
780 9710
4115 5389
2688 6045
6444 7614
235 7481
699 6416
7498 5295
8161 1412
4920 3885
4702 1585
4250 6856
2338 2579
3246 892
808 3248
8386 5729
6991 7448
1991 1071
5600 5300
233 1242
8960 299
9241 6407
7726 7133
9244 3654
9005 8394
5183 7280
5951 4797
5484 1226
7552 7092
7534 2324
778 3380
4396 420
3755 8752
3060 591
7179 5087
6791 8917
6948 4309
5099 7708
1399 7338
5696 3531
5374 1666
7867 7303
6310 2718
5437 4677
9111 3813
6288 5266
9482 2739
9988 9179
9581 3316
6398 9990
5993 14
6428 8511
2606 3857
6788 8063
5343 1595
2247 6681
1406 6650
775 4910
3852 8020
5669 9177
4239 4504
4176 5120
7740 5667
1635 7745
2593 2527
6142 7196
5870 7656
898 2910
6760 308
758 7592
3853 6695
7869 3399
7078 5210
7386 2174
8813 5609
4031 4123
5783 1869
605 3749
8545 3248
6918 2711
3896 9848
1322 2297
6470 7360
4959 1659
4633 2595
3154 7643
9653 3963
7878 446
7756 988
4271 1971
4482 8802
7381 9940
3341 5526
202 4116
9738 115
9382 3234
2981 8757
2118 2154
5531 6676
4006 8301
2632 9077
2324 3306
696 1802
4139 5302
9969 3313
3397 2938
5871 6515
8384 2442
3830 6031
8372 6866
6581 2583
1935 6953
4301 893
3469 2287
7729 171
9649 6432
2588 1811
2831 8607
3281 4503
2358 1509
8661 526
4346 1114
7110 7721
5013 8722
3042 7611
1657 7364
6804 8101
6157 304
8038 6019
182 4176
9048 2802
6345 1208
2755 7991
4494 3105
8058 5023
