1481 2531
8742 3079
1099 7500
8653 2116
525 1699
4553 8970
5471 1134
6407 8960
9230 8377
2951 2474
872 3108
9188 7720
3675 4941
5227 8130
5006 4563
4363 9652
3115 7783
6150 1456
970 39
7032 5890
1475 8765
2680 6686
1161 1560
3820 9112
2810 4175
1000 7963
9442 4052
1080 5541
9244 4951
7872 9562
446 3927
2892 6930
925 5587
316 2422
687 6171
6471 3420
1505 4452
2455 2214
52 414
6524 3147
5346 9522
6354 192
3153 5252
8954 4985
1574 8089
4873 56
3299 3361
2743 6318
1809 276
4104 1165
6429 4972
2269 6273
1785 2682
7849 7517
8934 6094
8575 5072
9434 973
5368 4906
2597 1728
9188 6997
7041 7612
4834 8942
9013 7852
9416 1823
4722 6891
4156 7879
8989 5758
2972 8580
3732 4231
5051 8637
7648 610
2028 3468
3105 563
3323 5876
1538 7682
5954 8758
5664 3700
2708 2377
3791 9597
7173 6341
1229 5592
6051 4773
700 1235
2701 8397
8191 5807
7849 6004
9772 910
1006 5928
351 7085
3764 5289
6285 1816
3049 8984
2411 2855
5466 4505
9103 2976
7841 5193
6966 6478
9029 6955
9800 3658
2919 2628
418 3142
1613 7617
3182 1993
7944 7474
2630 9932
4673 4301
8665 2529
8810 3461
4300 4209
5682 4566
3835 7169
6687 4527
7732 4584
6306 7270
2798 4297
5532 8367
9559 7667
1282 2795
5064 3858
264 5821
3686 5300
9780 4263
8076 3305
9726 2157
6663 8162
9480 7590
4303 8797
3299 7473
3862 219
2764 240
2473 6142
1460 5210
9147 634
609 1016
8553 3431
8321 4415
7375 3110
1038 1057
9649 1835
7511 7532
1263 753
2710 9619
9269 1589
7490 5100
7791 4882
8562 1562
1254 8752
4866 991
5082 8771
9174 270
1414 4119
9749 2831
6163 2935
3126 1382
2724 3239
8520 9156
3214 442
540 5944
2977 2212
3048 5220
2349 4079
318 5108
8679 2901
3281 7772
7104 6567
8502 3987
203 3706
5500 7652
8848 1564
6374 4691
3327 8199
4604 441
144 5805
2565 3198
8473 2025
7737 1132
4912 9964
5991 673
8270 7196
7954 3955
6126 1726
9241 6672
720 2828
5214 5162
684 464
7513 911
8877 2238
3304 9631
7121 728
4847 8998
4049 876
4455 2498
3617 8470
1087 9635
6810 102
6168 7526
3326 6196
7178 6634
1616 4488
1955 7783
1230 489
9141 6154
8887 1939
6293 3566
7283 3897
8764 6555
4157 9728
8121 1741
1758 5145
6292 1037
1556 3906
309 532
266 1501
3925 3029
1593 4659
5382 5227
8817 7968
4297 636
6067 6737
7733 4619
645 7279
515 3906
4491 1701
9712 496
7718 3367
1538 9783
6606 5266
9147 8163
6870 2562
8463 8054
5310 6245
5441 8914
8683 1125
2243 7747
7464 1798
7465 5902
973 4348
9111 6423
161 9071
2908 9900
9988 8171
1858 1467
1047 4270
5334 8942
9391 1162
6974 4535
3698 835
347 8333
7395 766
6011 2232
9015 8212
4139 6869
4728 4327
495 4153
2218 7103
7402 4725
5980 1224
3890 192
3291 6445
5696 9494
7818 7424
6407 3364
8399 3541
9948 5641
1905 9664
8994 7365
7305 865
5804 9429
8891 1152
1596 6866
5195 4691
9433 7236
4762 5988
7656 84
8012 4718
5417 9768
1423 8993
5285 1963
9141 7249
8302 7908
5151 8063
7562 4518
780 4411
8116 8411
3420 7372
3564 9890
6671 7417
2835 905
5940 9412
5120 9884
1035 5572
7957 3418
5291 3903
6633 3143
6505 7822
7094 4309
2124 446
9096 2685
5060 1388
6130 654
71 9723
3227 9482
2077 8254
5428 5501
5515 6734
5859 2615
858 2140
2249 1065
5421 8086
4902 5342
679 367
9352 2003
8445 2649
6424 7425
2657 5883
9267 4073
6233 7517
9175 9358
9952 7377
7863 7324
867 8945
662 9647
121 3165
3344 1512
7420 8554
6424 1821
4079 8326
8563 2204
2835 72
1476 5306
9519 9988
4192 4286
9428 111
5752 9630
4089 7253
957 2422
6864 6180
7421 8288
5122 4871
7172 8929
3761 1542
5310 6012
1150 4229
5930 6228
5202 537
919 2747
7661 1919
6571 3179
8961 5715
4155 3373
703 6547
9412 8800
2727 3870
9871 4167
5521 9488
7762 1817
6405 5772
2072 845
2423 8971
8262 4851
1097 3146
6184 9894
618 7953
5241 4383
8537 5585
1914 2705
3807 4704
9607 5226
8008 3640
8988 2210
7442 265
2471 2704
7838 6989
3875 6535
1662 1512
7019 8368
6654 3155
432 1360
9863 4408
2941 586
6333 4812
8902 6690
4880 3406
5479 5371
4999 9467
3001 9468
6159 499
9930 5970
6375 814
1844 3128
264 2811
2940 7658
9986 1018
42 4767
4614 5676
5103 6247
5957 8774
1192 7533
3213 1643
5968 2538
3969 911
6287 9700
823 1159
3085 5103
3773 4862
6508 1166
5745 3231
5597 4229
297 2535
1665 3643
8668 7062
3481 3907
4674 3297
8839 6027
8579 2862
7303 7482
952 9959
4061 8443
4988 9097
1518 8395
983 8690
1625 1948
6784 4895
7641 1289
378 2309
5592 8671
2699 5481
8771 9443
8382 8077
7478 1709
7234 2613
3378 8525
2711 4620
8440 7847
9004 4187
5807 244
2510 1054
1037 377
1836 1381
9392 5088
6157 7706
4677 2693
91 2984
8644 7596
721 905
7073 9497
18 9427
3737 7461
7414 161
9753 6022
834 2169
2294 2267
2366 3033
7737 1904
7791 3900
1342 845
8720 1672
2989 9791
4468 5116
4380 657
4438 48
2307 5243
5439 3018
1279 8177
5244 2126
7408 9491
9437 5398
1805 7135
6918 2187
4505 281
7670 8868
1338 202
8765 453
7053 6694
7564 6218
7488 3987
6144 4415
5181 388
4087 8548
2019 8583
3370 7937
8223 5629
1605 2987
1658 363
9862 8837
7472 4657
8847 7513
4975 8780
2214 9882
794 4946
3649 1330
4475 8912
8016 9006
1834 3121
7802 7294
6943 615
7838 6691
4552 837
4778 6199
361 9082
7261 8326
2084 4730
8213 2538
7929 1112
1836 499
5988 7229
8140 780
3692 8455
1458 6808
6495 8058
9984 2406
1744 1068
7731 5821
7049 5754
8558 8673
669 8730
2774 8803
2064 6733
7951 1679
7468 2853
8387 3020
4482 6040
4602 3644
9453 3348
1242 2468
2053 1457
4564 1314
7482 9322
3806 3397
9836 4723
3298 5958
6591 4638
9915 3335
8708 4527
6168 5125
4396 5097
2358 8608
4387 276
3888 8781
6373 6500
7867 5787
6182 3270
213 292
2686 8783
9867 8952
259 2419
1178 8565
7593 9613
5056 553
3128 3957
6627 6947
6194 3494
7542 9166
4944 1731
3293 7247
9238 9814
1105 2239
4048 2626
8761 758
9525 8819
6909 4431
2942 8384
5718 9356
3991 2260
4476 8884
6792 1972
1398 6283
6553 5910
4073 2096
7988 2570
9729 4389
1969 7996
1024 990
2842 9505
8570 6209
277 343
5516 859
509 192
9956 333
918 9178
6195 7538
5019 1928
1781 6670
3912 6399
8879 9450
7067 2700
9478 1150
1675 8019
5365 9914
5221 7501
5329 8583
1991 8578
8224 2569
3813 5068
2841 922
9422 2333
1254 3500
8161 4408
6767 1977
8508 4501
8621 8967
1357 6630
190 5269
7933 8901
9274 7272
5734 8984
812 4432
7527 4592
1013 9241
1472 2204
4611 2018
9948 5811
4952 4689
2170 3800
1113 4677
7532 9973
3723 7703
8399 233
2725 3956
5874 8395
9024 940
7287 1744
8284 7458
5536 7736
7446 2943
8134 4949
3041 3992
6410 6290
2777 7847
3959 8129
4469 2314
7065 4239
791 3207
1491 3270
9494 7603
3512 5813
6831 1256
950 2240
4984 5525
5478 6612
157 5486
3325 9305
5010 2677
4765 6071
2320 3415
6329 666
6983 7451
735 3041
4117 6269
6013 6055
7157 1033
2105 1652
95 8317
4794 7592
9293 2064
9733 4805
9554 4769
6336 7411
2602 9372
3487 5919
3447 132
8389 3652
9554 8327
1788 7355
7415 4407
7188 7307
3252 9909
4918 4945
1623 9268
6905 6340
2412 1264
6358 5231
3655 9462
4403 8260
4521 5857
7162 5536
9354 8177
918 2244
7762 6405
3754 876
4274 7036
687 6688
2114 3139
7671 2223
9716 1360
3193 3101
8498 5913
3077 9795
3024 5993
3118 4801
8468 6042
6669 7627
4059 4988
3763 2538
247 9598
3889 4704
3860 4735
4302 4464
9828 3615
1897 6491
3430 7992
897 2759
3954 5670
5934 2
9040 3457
7075 5760
6653 6474
3582 8104
2072 1957
148 124
5115 9553
9036 2316
7016 700
3060 8484
1023 5097
2465 7139
8435 5932
3758 6537
6348 9407
6651 9578
3885 9073
9964 4692
9466 5125
7810 7176
8366 7959
9937 7172
2828 1800
5784 8400
9150 4652
1332 5789
9367 9378
6987 2895
5595 4276
2335 4833
2331 3103
1204 2940
3390 3150
950 7779
4212 3229
1071 4799
4541 4241
9830 1349
7830 2533
6022 6043
69 7562
7063 8959
571 2544
9657 8870
2886 2044
1520 3350
2048 4535
4611 5531
3254 8504
4874 7431
4019 8876
1116 5463
9483 5648
6122 7591
9978 8731
1902 3555
1207 5299
3252 412
5240 6441
7048 9180
9173 1801
9883 3043
6893 5616
8896 9914
5035 661
3582 7422
7511 7266
8628 9799
1999 1490
9311 5980
5001 5041
3516 3278
2266 5074
6689 6184
1616 6480
7216 3339
9626 2560
4359 2823
550 7194
2008 6072
7241 5568
737 6238
7305 3524
6772 3315
1549 7257
2274 483
2833 5795
6771 6076
3610 5223
6152 3376
6774 442
2922 7010
5955 9638
9519 8552
7622 6886
8647 98
2664 6758
3388 3678
2434 5396
2357 3222
1053 1474
9978 6166
1446 8400
5292 3619
4097 8442
2503 4847
2013 73
5267 9270
8231 6181
2747 6048
1465 6555
1328 2836
4985 2017
2156 4576
9816 5244
7181 1089
408 6434
3611 6057
3331 5791
5233 7394
7313 3465
6731 7151
4374 960
4794 9382
8756 5479
570 2948
536 5744
3827 5776
2309 7768
7604 8597
8678 4773
3583 9211
3312 8782
3724 2118
5578 2529
5346 3471
2474 1582
1129 5374
4888 9847
6015 9430
9888 2321
7209 9917
6089 409
1387 5857
3498 4642
606 5378
7965 7843
8428 6495
3127 352
3060 2368
294 9879
3605 1276
4444 6632
2437 8771
5674 5708
5764 1948
3767 523
392 512
2185 83
1097 2014
1354 922
766 2750
975 7998
5397 9611
4197 6731
9950 4441
1686 5674
7686 6432
2635 2705
1588 9817
1429 1084
2768 8774
668 3816
2050 2029
8228 9767
3542 9218
7117 3758
9171 6562
9547 4032
3951 5857
7639 3486
2945 5102
8510 2055
4946 5168
7185 1001
708 9878
4600 6742
2274 3752
2760 2449
9760 4801
5476 7664
5699 3038
3268 9131
7435 227
3591 3814
1633 8067
844 6960
9768 2417
2083 7073
3758 647
3344 725
6390 8580
3767 8841
7153 2741
2741 2195
7776 9008
393 1660
5290 672
286 6189
676 3148
9240 553
5965 9820
5225 8645
890 2526
3651 5537
4443 9001
1788 7222
3239 5662
4089 6432
6639 5334
918 4043
1865 2378
4844 9332
2053 9911
1555 487
6985 999
2518 6894
1733 1688
5178 4798
6658 2736
816 1465
871 8416
8575 9191
3946 3395
854 9273
7982 1839
6761 3178
8084 3250
2231 2189
9673 6901
8214 5793
834 8271
386 9145
1644 6737
2056 9954
4893 4637
1221 3288
8997 886
4303 8355
9026 472
4416 307
4970 4453
773 3939
9563 549
4629 2419
7235 5377
9604 8007
1388 7540
7232 8839
7550 5272
8837 1553
9730 5067
1876 7620
6389 9448
7310 5443
4781 3515
8961 5639
6456 2419
1051 7893
659 9395
4318 9175
3596 1376
3357 2006
994 274
7357 9350
2409 9408
8887 8132
1617 552
9532 4221
9694 3202
8298 3280
1108 8209
4880 9209
4938 9213
8393 4125
9621 2446
3883 4208
1557 3574
9341 6578
5258 3645
6561 5194
1058 3236
8040 7735
2775 4480
7658 2475
1606 3941
670 1805
91 4788
1292 4652
9876 9729
480 6773
2837 4920
4506 2128
3981 1309
4411 9880
5579 169
7802 42
11 1992
9070 9464
6616 1314
4148 6454
6649 5605
7453 5080
5077 5642
6698 3216
2815 9866
3074 7995
8797 860
8143 6932
810 2848
6058 871
7532 6686
7960 7515
861 6593
2029 3487
4096 353
6710 4264
3923 155
3215 3200
779 7687
7442 6402
6087 4294
350 8674
448 137
9967 4373
7524 9720
4631 60
7236 8734
4943 1179
5856 3103
4827 5774
7518 7488
9001 9578
5935 9649
1618 9886
517 8924
4666 6887
1827 7008
5311 9454
7642 4160
1226 2375
4661 3108
5362 7406
8998 2639
4242 947
2746 8808
9012 8867
4586 4810
1735 8269
8163 2412
5148 3139
1809 5590
9284 5712
7727 4836
7855 7367
532 3862
7334 5292
9927 2278
3453 4978
547 4841
6382 7283
8352 7386
1645 2310
601 2390
1771 9131
7958 1418
3290 4751
2639 8657
9880 9151
7434 6420
6261 916
9127 839
25 1672
5948 5971
8481 1590
5063 9577
1964 9715
6684 7320
5299 4001
2088 2448
647 7391
1884 3875
2994 9007
1287 5199
8599 5256
5655 9867
3613 4375
4158 1307
3926 710
1059 9287
4800 2503
7231 4432
1297 5141
8308 9643
5094 657
8909 9650
258 2158
4624 2048
3017 6058
1752 5887
2201 6189
8501 4590
5095 9826
8638 9053
4431 154
9646 7861
6598 5996
5464 2529
1672 3553
458 7907
2471 1944
8940 436
736 6660
6722 4074
1422 6646
5776 6611
7022 8864
539 9503
5355 4003
5796 4857
7559 5923
2752 2096
9361 4840
8104 1267
1190 3676
8243 3331
2299 3952
2261 2456
2542 5278
2442 9174
3885 8614
5169 8834
4795 5263
1991 3293
857 9218
235 3258
5805 5985
3002 8465
4480 107
2284 7394
2486 5011
5203 1752
8927 5013
6098 2939
3773 8298
3651 9737
6764 5055
561 8017
4807 9313
9964 2883
7740 3432
9003 727
2047 7054
7044 4049
2143 2644
7419 7177
9664 6967
881 9319
1644 5961
5276 3404
1617 5041
3088 8598
3230 2014
1675 7598
9954 5710
6489 53
7308 4457
3775 553
876 8709
8672 5564
9197 9883
3349 9174
7500 9439
3504 3600
9509 5956
887 3939
6550 3052
8454 9705
2696 8188
6367 8386
1015 7223
6314 8875
8121 8217
1390 2422
4339 8889
519 9782
3064 7625
1125 8812
4226 1235
6537 5020
8728 1591
7599 5656
1039 2871
3053 7878
8902 685
2038 7705
8119 1301
5306 2170
6476 323
760 4193
9850 4899
6242 3945
6724 7644
3613 8732
1431 2497
8562 466
9395 8169
1549 6147
4067 2833
7657 1536
6609 6107
2731 3069
7967 8740
5447 3109
846 8066
6794 4670
5967 207
2655 7953
5802 383
8976 172
4235 3967
7118 3432
7016 5252
7536 8031
8320 4759
7717 9488
6601 9778
4997 8584
5778 2460
9643 481
1568 8794
5966 6727
64 4454
1025 4422
4190 6287
2788 1303
9847 6572
8980 8286
7769 1905
5380 3755
6237 375
3820 8187
1026 5737
8840 2979
6214 6516
2778 3215
5477 2488
4167 6847
4369 9099
7046 5605
4426 7049
1830 5153
8230 2107
8172 1996
5195 6053
6876 3904
2739 7188
4207 2046
2909 2586
4969 6205
9713 4979
8494 1727
2788 6820
6494 2665
2828 5787
4311 2360
9042 6635
5342 9527
5434 3849
6619 3010
8567 209
1948 7680
5706 9069
2507 6579
1211 5442
112 8260
2584 5384
5617 7201
5941 2820
8907 32
8520 6208
6449 8849
1126 3485
8349 6738
626 9510
5171 8466
5685 586
1984 3648
1532 2584
9981 8493
2175 2829
5354 1173
2287 8174
1703 5034
7112 2731
2440 7492
1291 3084
1716 3131
4216 4148
767 8673
2905 7450
5924 4929
9578 8983
8325 411
7475 1187
5825 3049
4562 7443
1148 848
6757 8862
390 602
4550 2464
895 8069
2008 8230
4735 3675
3232 3706
2825 8070
8086 5340
1401 4005
2626 8883
7214 6581
6903 3494
1204 1043
1793 9984
2081 1417
6359 6805
2730 4204
8748 2950
659 2787
4176 5511
2608 4225
1132 8833
9876 248
2393 8461
2339 7980
6379 7075
6129 5006
442 7850
8797 4321
6954 1977
8952 1188
3037 455
1362 6341
1939 2208
1079 4405
7337 7236
8275 1391
9612 231
9518 6275
5426 8277
5933 551
2532 5379
1948 718
8247 2694
9658 4269
7769 3417
1621 6456
3459 555
4866 3837
2646 4129
5898 8222
8199 5101
5294 8744
439 1321
7402 5988
1051 7865
1253 6753
8318 3770
5206 8846
6055 1686
8839 9655
2269 7280
2262 3293
7791 6910
4323 7129
7539 8446
6060 1137
1094 5130
4969 4761
3838 4906
4225 3381
7218 2781
4240 4718
5530 3270
7131 5799
6849 70
7176 2383
9726 2156
8156 8185
46 6086
4948 8854
9388 9901
6705 3761
5052 9437
6582 5860
50 7293
9478 6935
724 8207
8129 9780
3958 1069
6660 5180
9554 7889
1761 724
9680 909
2836 6992
3589 4379
7037 5649
8088 1563
1555 8473
9581 8925
4804 4296
275 2145
748 4001
363 1064
4381 1606
8306 2589
6330 99
9521 6379
4230 6584
4555 820
6228 1516
4949 5537
6367 9433
234 7635
1352 2026
291 3649
7736 5077
1652 9334
3256 5488
6733 7028
5446 2605
8747 3218
3846 2645
360 5756
9880 6836
1569 695
8633 6789
3685 9523
94 4796
6885 5780
487 6442
3058 5239
1384 1185
9450 5109
7111 6711
5987 7399
9787 9541
318 4234
3579 564
334 2379
8785 6183
2569 5729
7698 6346
5859 3400
25 7993
6745 8868
3264 3541
4117 5873
5263 5874
6476 5967
5683 1745
4328 7476
7945 8208
8226 376
7909 2593
6716 4284
5126 8308
7698 6290
6689 8331
9197 9801
7642 8161
7432 8278
5785 9421
2386 6522
1621 1814
5520 3008
2589 9886
8886 5037
1056 2526
9501 3495
8198 9479
3036 1272
9106 8851
2841 9546
9690 3997
6666 6774
6114 3731
