7736 2982
9885 2996
1078 2537
3664 2406
767 6020
1605 4766
8614 8001
9176 6409
1199 2414
3832 5786
4852 6263
3418 7473
4104 4730
9816 4963
8097 1258
1919 4768
7646 9610
8550 1562
3744 6912
2399 715
9974 4666
9855 7036
7099 8627
8080 8980
5899 6248
694 8996
648 647
6834 9388
4169 9227
752 513
2696 9109
4218 5409
8331 6294
2453 3243
7043 8220
4488 1285
6916 548
2002 3921
9783 1108
1742 2623
4359 2555
4299 4111
4911 3944
6578 3471
271 9068
3287 4651
4048 8781
8017 6452
6415 2285
4489 3769
2894 6113
3367 7459
8674 9640
892 5632
4110 4857
9983 4916
3132 9965
1815 533
6145 2379
4907 1262
319 669
6270 77
9935 4307
773 3895
3201 399
8923 6389
7660 618
6252 6767
3588 3295
704 9743
7567 7064
490 4616
767 6035
3507 3178
11 5159
4682 1465
7033 3481
3907 58
3881 8746
311 1974
9757 387
7303 8263
5316 2767
5188 8767
7144 4172
9783 1037
1396 3756
8753 9907
6634 8001
9118 8576
386 6069
7603 1172
6699 9639
6750 3000
7171 8967
2984 3669
4559 1107
9697 2803
5559 3521
7876 5418
6509 8789
3623 3154
2283 9023
7481 4864
3514 2075
8091 5310
8884 3412
786 5019
3681 4910
8830 5162
4080 4779
6324 31
553 3961
6674 8594
3743 7542
8394 3561
4285 7931
8063 375
6129 517
8442 8868
1701 756
513 4968
7212 5700
4133 7781
8400 8225
2180 7100
2776 2726
1569 8919
4684 4072
6791 1914
8365 3635
3322 3027
6636 6652
5418 9875
4117 3657
9160 523
6142 89
7669 2187
1369 8879
1247 789
5054 6781
2633 6525
676 3310
8474 3043
2807 8600
2207 4670
6167 61
1836 9222
4052 1274
1673 5466
5830 2741
4479 7346
8407 4157
7730 8783
5417 2265
4666 1203
2453 8016
3777 2011
2128 5153
2559 3352
9315 4629
2762 4408
6945 6496
9215 633
3799 7164
9605 5796
5645 7330
1255 7098
1581 7231
7692 6909
5200 5220
1726 9729
3102 7276
7165 9180
1806 2903
9853 868
7063 1157
3720 2271
5012 4042
5014 7531
2417 5835
6484 3927
6167 6701
4633 9075
7985 3136
6188 2822
1382 7095
3090 6778
6016 1157
1686 1327
4081 8610
5258 3236
2777 818
9737 6778
4382 8422
7453 2793
6144 8784
537 2353
2951 733
6943 3470
