281 4781
3404 7522
1085 2761
685 3652
1857 9557
2210 4929
8796 7066
5174 3080
8766 6364
3801 5824
6198 7282
9070 7018
8363 1679
9906 7504
1592 9020
5815 1714
2079 5841
7434 513
2019 8017
837 1764
2047 5492
434 6840
9416 1983
7706 1004
3427 8068
5265 9116
4090 6086
6095 8973
2081 8264
7143 117
573 8724
4845 8973
6145 5395
1745 4891
4150 752
1958 6641
4515 4077
4054 5718
1517 190
7580 5839
4968 6825
518 9655
3535 3534
9039 9227
8009 9191
2060 4666
8732 4800
7096 2976
7642 6044
5088 706
3801 2608
2709 6231
8999 9680
6964 8793
4152 7946
7724 4060
4313 2756
986 2964
4563 7261
5698 9796
5093 9635
7347 7368
9904 4378
1789 2868
4245 6929
9162 1029
9182 7864
3346 4634
2835 9156
6669 7489
6640 465
8283 4851
1136 1290
2630 3382
6564 9298
4945 197
7571 20
2615 7897
5242 9406
122 4580
5416 7702
6411 5516
2426 3359
7807 993
5552 5887
9784 4269
7037 9192
4361 8181
2990 9526
9034 4277
1998 2805
8021 6295
6263 9010
4342 1795
5981 2034
2490 6770
875 9118
1094 3716
9153 2115
5912 1954
6592 412
5178 3627
3849 8442
208 2347
1993 2577
7827 2090
9133 6151
7099 1895
6838 9101
4910 1091
5255 3414
9910 9641
7167 8566
1001 6405
9590 8963
231 511
4603 8389
5270 109
6283 1696
5713 4118
7710 4834
1526 8714
9569 705
7088 2162
9808 2026
991 3514
1075 5377
7010 1603
17 5168
184 5128
4876 7743
3736 7352
1640 9545
7685 3499
2251 9238
4726 3473
3814 3066
6851 7512
9432 5080
8484 8524
822 1719
7676 8769
1286 4734
4944 9806
2241 1201
3060 8068
3554 432
5425 7228
668 8339
2007 1880
6856 8222
7379 6630
990 6911
2826 5125
7996 2787
8914 6477
7790 9240
5084 7698
9491 2678
1211 7890
6620 4926
3355 4201
1211 8692
339 9046
6019 9662
3966 9232
9693 5336
4291 4523
2945 458
7799 5151
5375 1538
789 8346
8711 8339
4204 7205
9548 4658
3101 3809
1996 6415
290 4349
1025 5525
6398 1549
4143 5544
419 5516
7439 7930
268 560
7473 4405
3229 3923
5835 2505
8806 6826
6655 8071
3879 5369
7251 4957
3758 2812
530 285
7233 5907
1306 6431
8550 9048
8327 6721
177 8117
175 3338
1268 693
842 5920
8593 2006
9872 88
3556 4399
9701 6194
9022 5349
3552 1501
9856 4547
4134 3029
4476 4489
3113 4094
9551 3324
3180 3717
3567 2428
3977 453
2018 2516
6781 3307
5554 7750
5287 2993
7105 6735
2636 4776
3551 3987
4871 4945
7663 4712
2252 8332
2707 5769
1091 8313
4555 69
4607 5770
3942 3471
267 1663
1697 7469
8182 4941
4528 3703
6484 8914
3997 9865
9816 1430
6087 9265
9518 4484
903 9344
5340 7202
7610 3230
5678 7472
4404 4327
6003 1403
7937 6618
9356 4338
8073 9143
4660 3558
6765 5802
5807 686
8521 6003
6868 8174
2026 7428
3978 3214
8645 3390
9400 1879
3457 2007
3390 8113
7522 658
3804 5221
3605 4233
6267 1477
3171 2489
1014 1396
4477 5163
666 9024
9495 4245
7241 7211
5990 9575
2551 9823
1918 829
207 2243
4127 563
6933 2502
7989 4243
2084 2535
1818 3100
7637 3317
91 3779
4789 1833
8777 4903
1861 8897
8568 757
9393 3996
5563 3961
6522 1284
2336 4602
7806 5898
6262 7206
2159 7210
2447 6885
2600 7979
9807 1880
2689 5884
5317 3752
6897 8198
2666 5610
4863 4803
3381 8308
9636 2822
3078 9377
8871 9052
5955 2302
5179 7760
960 9627
6056 2982
7558 5231
9636 2274
4538 7183
4581 263
964 4195
7711 1583
7252 4942
9533 8868
9728 1031
2320 9951
9153 4797
624 6848
748 5041
3766 8026
127 9425
8391 418
8107 4054
5270 9005
7152 1700
7809 9857
7982 8616
4734 232
1722 2136
4610 5435
9536 7116
2123 3631
3766 6123
5666 4771
4997 4305
8829 1097
7573 2002
9741 4640
9409 2423
8785 4090
5710 6726
5906 5493
9367 5368
3582 1718
4327 5774
4803 6584
2673 9529
671 6446
7935 6955
7073 3171
9554 2601
8178 504
5829 1126
9721 8788
7880 2733
3913 7594
1979 9069
3545 8564
9969 6462
3164 9084
2581 5612
3505 213
249 6652
4993 3414
4973 8156
410 298
631 845
7261 4094
2106 4711
5945 2026
1075 3805
4346 7959
7140 8655
5067 8932
4111 1198
9070 749
7746 4244
5301 47
3468 5154
8532 2586
5773 8333
1762 1756
6974 8563
6706 6685
6050 2642
7564 6111
5219 7273
2899 6298
4242 6707
5784 3173
427 7751
5103 2727
8012 5391
5190 6705
8444 6967
2469 7457
8723 6756
71 8396
4789 4819
4950 9638
6374 293
8949 3162
1528 1879
9255 180
8508 3574
4392 8492
1773 2138
8027 8860
1440 4821
964 6481
7104 3464
4424 2504
2322 7888
2913 8358
8059 6660
1268 448
5603 7786
7120 9307
4671 3761
8082 5215
4368 8201
5565 2783
6164 5722
7817 8030
244 9889
8511 8741
4269 1241
9130 8950
3265 2342
2999 9000
5962 8977
4153 6499
9985 1246
900 2477
7186 5212
5382 3978
1451 8001
1348 894
4202 7164
2190 2366
546 3468
8463 5299
1565 8163
7179 834
2633 4067
2771 3368
2052 1259
8024 627
7466 3163
6256 8708
182 9213
6888 1101
1205 4899
4347 7955
1539 5695
9366 6819
4342 796
9875 602
4883 5580
174 3315
5736 5832
3509 8953
701 9919
8719 2838
8949 5998
3498 4473
5073 7196
5827 1486
449 2424
143 8840
7863 1575
1506 2986
4905 7708
4968 6716
4591 2540
989 2248
6393 4638
4701 3821
4371 8732
3814 9329
6692 7628
1674 6737
2754 2731
1061 3466
8034 8026
1966 1295
5274 9697
6140 4715
279 9808
8872 9694
187 8766
2548 3304
6460 181
465 4314
2967 8360
1740 3840
101 3245
1758 9827
2762 7723
1989 693
4072 4402
9754 4790
1867 7151
7631 5395
7047 4200
451 8360
2903 7005
6708 6618
342 4852
7311 2721
502 1813
1515 2033
778 6927
3430 8973
6587 545
8122 6621
5014 510
1755 4441
4087 1236
157 7493
4101 8471
3372 806
5873 3273
1353 3537
8404 4854
4063 7655
3696 4739
494 2847
7136 9073
8602 5735
7070 4334
4750 9070
5760 2798
9399 7125
7981 247
2232 9579
1286 8937
2961 2533
3448 3831
2767 9130
4079 4778
6020 7062
2471 1904
179 9856
6067 2177
3186 7749
6083 9589
241 2198
8593 7564
177 7062
5663 9425
8843 8618
7498 6900
3137 7587
3864 8890
5583 452
3748 4245
5513 3677
4738 1402
4123 659
2417 7186
2900 3947
5969 7848
6317 2301
5334 1958
7399 7943
1860 1286
3621 1445
2571 386
9472 1739
6571 5700
6208 8533
9358 5452
3109 5722
6110 4444
5170 3208
7597 3004
5546 8873
9556 1835
5388 8474
8777 3105
6183 1009
6090 124
7690 2466
2420 3146
1992 6410
7355 216
3604 4437
2047 6160
1579 6244
8923 3590
8607 1939
7850 3894
5804 3681
2097 3997
4160 9780
4752 5303
9294 8257
2873 9714
3878 9874
6962 4271
4952 7768
9328 8077
6221 4097
8778 8665
4854 3847
7084 754
9847 2851
7257 9697
9894 86
4181 2332
8641 5107
6638 5810
3782 6439
5432 7502
4573 1995
9896 8654
6865 1514
5396 8720
2522 7281
8430 8073
4336 5583
9682 8113
6573 3082
7667 6274
3440 1351
3784 4072
7277 5729
7287 9787
1433 4253
662 7765
5945 6508
177 8239
6069 4522
6842 4480
2650 8347
1153 2764
2381 1052
5911 270
4686 2968
2563 1504
901 8050
2145 9379
1443 8125
5458 6718
9805 2827
4597 3829
4504 9642
1499 3874
6767 3815
2538 1295
4945 7921
1688 9796
2628 3405
9848 3940
6487 3098
7345 3084
1859 4380
3308 409
5349 8332
3155 3601
6617 2989
928 9302
8210 7853
172 8928
1966 7383
7180 6019
7986 4195
6926 4729
3981 9487
1445 5646
4501 1424
1042 1396
7901 5760
4286 126
1848 9858
2563 1292
7248 2482
7500 2313
6341 8115
1076 9267
3608 2319
2720 4228
7227 3319
598 2680
6165 9373
1352 4007
5332 9240
7839 548
8858 7238
3222 5571
2912 9087
1733 6935
860 9426
4900 9116
7675 1841
471 7233
6089 5686
8374 9438
2135 2125
6202 3442
4967 5349
3743 4677
3175 1196
4471 2889
1947 737
1387 2923
617 2628
4745 6607
5384 8795
1242 6865
5136 1465
1792 780
1164 3224
2171 3090
4092 1933
8305 5114
8960 1950
2343 7200
8125 5360
7054 6814
3876 1294
5560 9214
8635 3854
3828 6387
6569 6481
7087 7925
2993 6869
6620 2899
2018 2306
2164 964
1854 4059
1 9550
3565 3956
1715 7059
8625 8250
3662 828
7453 9652
8148 7506
3672 76
2544 9027
1074 126
7913 8539
4910 7420
1975 7736
3225 2300
7155 477
6672 8829
6750 2333
4276 8195
357 8909
4057 2133
6653 3251
2770 6853
7244 2949
3402 7874
3262 9812
3150 9298
3043 909
1495 9175
2155 8013
2723 7034
8174 1206
7711 1680
3452 6311
3092 7483
922 1738
2504 3289
3268 7598
7978 4553
6728 4629
603 9130
5264 5207
8562 1969
9998 4564
5611 3357
560 7991
6693 7446
8108 4694
8813 574
3600 6177
2928 439
6791 9408
2380 4407
8185 5586
6615 8807
9190 7976
3518 5308
1160 9786
3948 5699
2811 9746
6772 6130
8836 5900
6643 5297
7329 3965
5814 433
889 8660
6015 6260
389 6397
4027 8293
9456 5946
9901 3998
7154 482
5795 8086
5715 3770
117 3558
9131 7743
4288 5924
8341 4344
7303 8435
4288 1588
283 5585
7131 3836
4603 8026
4483 1832
4076 9074
722 379
9252 1469
3235 6301
9434 1009
6802 6234
4547 2821
3379 367
24 4604
8472 5470
6111 9965
8266 2980
2690 3349
9891 609
595 9012
9969 3133
6483 1567
872 6409
7633 9816
6505 2309
7343 9106
1268 5652
8952 3466
8093 7026
5957 8857
9022 2257
9983 3905
5469 2365
1401 1205
9231 2812
5484 427
6003 7944
2786 9388
7230 8562
5049 3136
102 868
9853 8036
2213 8156
6567 7658
6500 8689
5594 3539
3653 2825
2298 9444
5019 3729
5561 6615
6157 6741
759 6838
3914 8488
3563 2764
1461 7074
8512 7917
9911 3713
1724 49
1221 3105
9679 1022
1964 4598
2694 3661
7444 7574
3513 8357
2595 9224
2670 5972
290 6995
4153 8835
2469 2393
6151 2970
5281 9833
4895 9229
2230 1765
9573 9614
4809 6639
5850 5085
8792 7496
1605 1318
4594 912
3089 2970
2694 6374
530 6643
7892 17
6926 8630
1439 3686
1100 628
4181 9429
202 4211
1809 8288
8730 5782
3535 4177
4467 8088
4534 8512
8741 7534
8290 7588
4826 817
8633 8740
6251 7341
953 4203
5012 4290
7964 7001
3779 9598
2359 5961
5610 3111
2661 7043
3179 1511
51 5690
8382 3212
1482 2539
3433 2915
1456 6225
2716 1287
2724 4692
1677 1717
5613 8164
33 7288
2070 2077
5883 9541
9462 489
2565 4192
7741 7934
8414 1138
8805 6261
9533 8729
7013 6125
5212 3833
249 5286
3292 4125
5070 6707
3355 3069
5772 3050
771 1869
3430 3394
3736 2260
2995 7886
7983 9484
9763 4280
2187 8352
8631 8398
5831 9900
4282 6513
3223 174
2425 5856
1793 5971
5975 9217
6306 7773
2475 1672
2696 3043
3729 8109
9409 2964
6895 895
6450 3248
468 1869
7938 1603
8515 6510
21 1349
3029 4962
4334 2771
9744 4583
4544 648
1185 1904
758 9890
428 7025
4353 8785
7327 1526
6494 8345
6670 3014
9822 111
4041 1114
8651 4268
7613 9610
2807 4790
5997 8604
9330 7077
7566 4709
2799 6084
6069 5207
7409 8153
1793 613
7648 3476
477 4726
7780 5605
6626 4380
4309 8328
1231 1985
6503 8559
685 6630
9852 7054
343 9848
2068 4641
1792 5278
9546 2600
8152 5744
1402 6177
2999 6040
1700 3642
9542 1684
1275 8179
7176 6245
200 2341
4379 6421
6296 6714
5631 8669
7628 9148
827 7898
366 8889
4303 9659
5982 7052
7692 8615
508 1367
8629 7231
1882 6439
5558 5714
6459 2102
2950 352
6872 8806
645 338
1205 4924
8690 6494
9999 3787
7350 7194
4880 7302
6536 6883
1988 9572
2246 2938
495 4489
5606 4322
1556 575
232 7601
343 1180
6693 9087
1250 7436
3915 4519
5312 7732
9332 6403
1451 6301
3861 9341
6635 4391
1347 1946
9172 5463
837 2178
932 5089
3320 7663
5521 9429
8115 9161
4190 6026
4548 2753
3142 8953
6052 5115
2626 7435
6232 8676
9785 855
5433 852
124 5078
1138 4829
3160 4550
7358 2181
7983 9902
437 4157
3509 6615
4051 1526
2859 5644
2347 3688
9594 4578
5279 227
4089 6194
9002 7072
4129 7344
9329 5744
360 3291
789 8467
8374 2226
351 1433
79 5698
1175 4881
6260 3977
3894 5379
8660 304
1972 9838
3879 2295
9207 8292
9787 6302
6937 9946
1922 8472
9566 2860
4830 7064
1883 5899
415 6312
1288 1199
5070 4508
3837 3809
179 5898
5913 4884
1586 2084
4059 9875
3307 3601
6783 8952
252 6390
3128 42
9743 1408
8078 9064
8478 7546
4797 4173
7215 5432
6134 5469
7019 300
7814 1406
5498 9659
9950 6185
3819 9261
5795 2253
2213 316
2648 7339
3367 636
622 9453
2953 9063
2996 9550
4459 3986
2171 4754
3309 4966
3483 8951
5571 5959
8978 8716
8466 6473
354 3645
403 1763
7671 2128
6101 7141
9747 7708
6287 2009
643 451
9593 4609
8488 2921
9087 8823
5619 8364
2126 1993
8864 6376
9634 2116
7144 8374
5405 464
7604 9448
47 8587
5821 5981
5643 4499
8611 6045
7851 1726
9811 2718
8980 5445
2855 8170
9273 8785
6806 5791
2934 6958
5328 5463
5021 7449
7865 9047
1589 5176
2037 2788
6271 1251
6057 1422
3002 2250
6778 4933
4800 5164
477 3193
3201 4076
9387 8816
3781 7359
6379 7880
2203 6984
6355 4226
2010 7549
5457 6871
10000 7758
2475 1023
2740 3164
3925 9876
902 5526
776 2466
9448 8239
9795 1877
5023 3362
3009 3976
320 4826
4245 8443
8341 8115
277 5582
4028 5838
4493 6978
3365 4662
4570 2345
5061 8378
4779 521
9119 4453
8846 6993
6917 2865
4915 9026
4988 1843
1805 7147
2191 5129
6803 8378
910 4659
2549 3508
1114 2168
3531 6109
404 9888
9015 4699
1613 1060
8383 2015
1670 5172
7980 7222
3408 7990
9540 6237
4095 5288
9775 2707
9070 9630
1406 6424
7727 3815
8069 3805
8077 4666
6100 3842
4971 6979
3084 6058
6089 1085
255 2769
2365 5922
2376 3190
9510 3640
7444 2810
9201 4322
2268 3961
4736 4462
1851 8607
6380 3842
5752 9219
6809 8631
9352 8383
3132 8696
5901 5637
2879 7206
6545 1495
2009 1087
4543 4662
9032 518
2713 6131
2808 5402
2082 8333
7048 8196
8857 9942
6978 3492
8840 8010
6404 6200
671 1637
2466 7461
7245 4209
7927 8350
4151 7652
4197 6157
4487 7913
8533 6059
1896 50
2731 9069
3201 1335
6458 4297
5113 5519
7117 7056
7388 822
9808 4641
4037 9101
8537 6549
9936 4849
3879 9171
116 7920
9224 223
7137 1295
6420 3235
8017 8864
4475 5313
2333 5016
9054 9495
9045 485
7708 8760
8766 4802
6013 8042
3691 4507
4185 9384
8168 9797
8061 2765
1138 3622
9621 1709
1727 2159
186 5131
449 9042
6140 9598
1472 8978
2406 506
2418 7021
3608 6037
5599 9346
3239 1837
2804 4720
1154 8946
7926 8245
8709 8734
2262 9186
7315 2963
9460 337
7819 2724
6019 4736
2575 1893
2238 6826
1595 3242
8097 8085
5713 5675
9015 3143
4200 5838
8432 9693
2701 3860
8450 2510
1183 5683
9717 2247
1964 5933
7617 7024
4807 4909
2051 8950
2407 3387
7665 8406
9425 3635
6146 3586
2971 5029
2187 5290
1521 4607
2512 1737
443 1437
8095 4829
6110 837
2290 2960
3347 1163
1328 9166
9401 6864
5731 836
4621 4806
8467 6260
2892 4656
6889 8760
5384 2560
6872 6036
8930 2756
4129 5350
9913 5928
3213 9364
9018 2833
6426 8421
7348 5260
8925 8982
7231 9130
9821 1503
124 7050
3982 1833
5460 7578
8774 861
4324 4343
9824 8908
9292 9937
7093 2227
7191 4991
6866 5386
8755 6707
4467 3309
5975 65
1326 7744
7374 2708
1174 1329
2960 9380
557 9360
6646 8745
1499 2971
258 9025
6439 7950
3474 1894
5732 6502
1126 6029
9135 1813
3686 2031
2723 6580
8204 3639
1455 6968
110 2868
5687 649
8919 5392
703 7531
6394 6278
2433 1843
2638 51
5916 1063
6465 4322
5900 8169
6959 867
1516 3361
5002 985
6278 7220
2863 3403
8875 6864
9243 2778
8421 7864
1331 5791
7663 8211
4285 1934
5404 5108
7191 7077
4518 5159
9634 7244
4772 7423
2604 7712
8001 2875
5885 4439
2648 2092
802 3817
5273 449
64 9378
6772 1030
2983 9205
1441 907
1490 5742
9327 583
1114 4273
5572 5297
1441 2681
7599 4948
4331 8678
270 6923
4420 9164
5621 2466
7551 6748
8628 8790
6338 4533
7583 1296
4474 9999
8439 9548
5186 7583
3573 4824
2476 6657
5985 6587
7511 333
8292 7091
5699 7674
9194 410
5209 9897
1451 6855
1741 8391
5251 9244
6868 5061
1871 641
7707 68
5081 1117
8890 4486
6026 4622
176 3629
2041 2155
3236 4029
9305 8486
9672 8785
2871 8540
8897 9910
8308 2237
2250 2172
2641 660
8103 9886
9619 6198
7874 4691
9099 8987
2809 6420
1864 3305
7565 8089
769 4467
3832 2661
41 5857
3472 3020
8800 7316
7972 3357
7811 9561
5430 4863
8096 3807
6418 1240
7644 4144
8571 1624
1655 5313
8650 4731
4982 3945
3175 2988
930 1951
1625 655
5641 2500
1255 1316
3115 3190
2679 7636
4036 5989
6068 621
9291 2326
8670 7675
406 9220
1940 4305
5811 5881
6982 8008
2183 7923
7445 3617
9050 7031
6755 914
5593 6652
6250 3319
3315 3284
8290 8209
7673 7997
1758 8163
2342 3723
6390 7687
4881 7790
316 5646
9758 3150
5042 3059
9092 796
8782 3824
1030 3286
7120 1022
5898 1593
3145 6270
9632 406
931 1451
5557 7102
7187 8740
6826 7929
748 6842
8939 5334
3522 1989
3698 7295
2756 6946
421 9890
5407 380
6972 2255
121 9320
7316 3979
8403 170
5986 3281
2263 6202
1826 174
7733 256
8524 7621
7740 3149
1645 8954
8598 6415
9481 6896
8783 6358
8721 8585
8916 2138
2592 708
8235 6914
2805 2549
4166 2738
8114 1866
1323 1774
5886 2506
8254 4777
1049 6062
7506 3568
7566 9953
617 5050
9274 3699
2655 6116
8682 2420
9703 8874
3550 5007
5603 1701
6414 173
1695 9978
9260 9503
4929 5056
8672 713
1630 3507
8034 4264
2570 8293
3077 2467
8025 3394
7845 1164
8521 7123
1918 464
4441 5908
4024 1381
3926 7041
5783 8031
1329 4239
8927 5322
348 3557
7109 9902
1443 4674
95 5058
6624 4358
4822 5559
5757 3464
7350 940
8883 3651
8778 9350
9293 905
526 4262
5953 9109
9969 5498
4676 9409
7818 9409
2812 7127
4362 1530
4642 6158
4147 7692
5826 2856
9087 1327
8352 597
9312 8278
9164 3734
1482 2240
2665 5622
3224 3621
641 5331
549 9348
3005 8489
4697 5023
7055 2587
3742 5854
3394 5037
7490 7175
7990 3419
6477 4899
1759 4368
3155 1515
6811 4066
7764 7386
6600 4281
3309 9471
8266 7333
6140 2683
3890 887
9462 8052
5158 6893
9065 1277
7222 7928
2677 7575
7128 4571
9220 320
6965 1850
433 2974
3061 9039
8760 2448
7905 6571
5837 7856
3896 5126
7757 491
5839 8174
4872 1547
803 2034
6815 1639
5476 8157
2812 4430
8998 2166
6287 5505
237 7623
5956 1395
2271 5624
3579 8229
3874 821
2376 1106
9378 8821
9402 4727
41 8910
4308 5721
8974 7187
7990 9567
7866 22
4880 7297
2159 8718
6102 4083
4686 4438
2419 2573
8665 8213
9465 4209
6865 6764
10000 2061
4242 8154
8812 9163
102 1185
107 4955
2346 2168
6413 3378
4476 6813
8400 2464
8386 1989
5564 1844
6257 308
6877 6983
7771 7160
8826 6352
3498 1968
7339 2983
2940 1571
6106 6788
6594 8065
6436 2635
8298 2631
8158 4206
2892 8674
1392 9377
1272 1021
5892 2514
1757 3692
4206 2565
8483 821
9330 9116
7623 7401
8074 4350
3494 9164
934 8761
6478 4104
8123 9242
9126 4037
9895 9706
956 671
6675 1732
7998 1383
532 6034
5642 8613
37 5984
4979 620
329 9116
6208 4063
3376 5203
1378 5009
8534 3099
6583 7181
8726 1220
8347 5185
9018 5568
4906 8399
4671 6489
2262 4924
6139 2686
8264 1742
2063 6926
5242 1844
3535 8055
2786 8816
4603 1841
5698 4461
9597 6225
1908 1207
3606 5962
3974 8585
1926 3344
1023 1612
2382 5196
9641 9202
444 9574
1480 4119
8022 1649
5045 2532
6334 7204
9966 778
8913 8674
2588 2843
2996 639
3053 7435
7072 2446
2216 7765
6191 6859
4958 6928
3014 8978
2063 3989
3912 3475
4415 5948
328 8711
2296 7430
8628 3204
4748 1877
4794 4213
3427 6259
2121 9683
932 8616
2569 8516
8535 5
71 4736
7119 987
3963 328
5606 2548
7466 195
2024 9207
5304 5480
435 2422
336 7229
2895 1772
462 5023
4797 7288
8551 976
1619 4159
8943 1079
2253 2524
3357 1521
8766 742
4310 9542
3452 1048
7982 9599
9602 7643
3878 7535
7407 9207
7191 720
8750 2975
7490 5622
8146 355
1944 321
8121 1065
1002 6427
5259 1976
3973 9009
8886 5336
4465 8529
4593 1756
4270 5826
2723 361
9065 9517
5926 6311
2191 4553
8749 8427
1901 9846
7556 9813
3465 9271
1968 7467
2623 8760
7532 6099
1513 7651
6460 1764
2658 3778
1698 5554
5427 9465
4860 830
9204 2421
7699 8064
449 3343
1662 7437
5448 8450
924 1079
5770 4735
1619 5855
2237 7019
9838 8042
6867 9271
9812 8879
2545 9484
8136 2667
2163 3813
449 8978
4153 6375
2042 5638
200 1898
9621 7906
1534 3294
8924 8337
9896 834
7678 3798
8973 1572
8550 8171
6618 8745
5555 3332
2370 3404
1747 1151
3103 5407
1210 4379
856 1720
1660 772
5487 4812
2745 113
4609 4492
4282 6510
4248 4867
5868 7468
6401 2615
5971 7589
6099 2213
6174 7294
3839 327
3357 5206
1602 928
2513 6797
9903 2843
5874 1913
201 6245
1299 9965
8266 9235
7847 4119
617 1986
883 6881
2406 9831
9762 5116
6016 4693
4710 4454
4168 8263
6679 4957
4539 1359
2191 2231
2815 7212
8997 13
2498 8538
5221 6954
2936 3671
2044 6126
5810 9146
3756 379
2593 9063
6088 9021
955 5793
9058 528
1475 4630
3154 7493
356 9140
2922 7201
5520 3355
2828 8223
6449 222
2153 838
1608 636
2863 1675
9049 9297
1748 9987
5364 1451
5416 3262
2127 3317
9112 4598
4893 6052
2387 6727
4021 7209
1876 5508
4480 3955
3088 3158
9317 7468
5014 3343
5047 5690
5988 6404
8889 7044
586 3942
6042 7268
9392 9335
8528 4632
368 9615
7618 2831
2627 9765
2276 958
6724 8720
3350 3837
9781 329
3574 6965
5354 1711
47 5403
9317 1267
6293 5014
2648 3478
4364 6005
7095 9795
398 1299
4334 4952
456 1443
7613 2875
4763 5433
7293 2315
3140 9307
5846 4475
1767 1553
1588 8894
6712 3979
2159 4042
5989 5485
6093 289
8381 6226
8978 1976
3824 6090
5444 6742
4167 9206
8398 94
996 6723
5183 5406
1037 9589
506 6299
5371 4879
5349 8242
9047 6222
3450 6871
3517 2573
6090 4738
4207 7782
6568 467
3451 2655
6264 8021
3544 6678
7061 1842
2401 326
8613 8615
9822 6220
9882 2274
7103 4344
9916 1490
4418 3549
2495 3177
1528 7277
9002 787
2958 9564
9023 5430
2450 1453
2525 9726
2190 8573
3422 205
5150 7070
4883 3510
6930 5980
5589 6919
2200 9253
1704 5828
1908 7645
6398 6532
641 7805
9820 4067
6622 1374
6602 1366
4095 1580
3969 3390
9215 5703
7934 290
8609 6251
2690 5326
4017 1521
2966 9524
5093 518
7089 4993
3485 3702
5280 9337
8277 1774
8221 3127
924 601
4923 388
3459 85
5292 1626
4660 6234
7562 1313
6284 9173
1340 8023
780 2303
1806 2990
9746 8824
2267 9904
4258 448
6625 3998
2866 5948
3766 912
5725 1047
7424 8183
1816 5309
1371 5799
5967 1137
1775 7483
7894 2748
4939 2518
8077 5099
5919 8733
8634 7743
546 955
1544 6276
6172 2743
6857 6443
2711 5617
9174 8796
7325 1976
3319 7938
2500 459
1692 9178
5943 1294
2211 2939
3585 3354
8227 6602
9211 3434
1277 8252
7810 5990
8358 2431
7078 3599
4111 9263
9540 9777
7708 5562
5784 9626
1119 9524
5515 7297
5259 4692
3105 9280
9626 217
3056 272
1581 8896
237 1724
5623 6691
5865 8968
1173 8126
7523 4896
3639 3919
2688 459
8788 5498
6132 6256
5704 7172
9649 8550
8738 4790
888 961
7804 3737
3613 3149
9778 819
8707 8523
8895 6274
5265 9522
4412 59
3724 4668
8256 841
7700 305
832 1608
6428 543
6651 3097
2567 9786
8659 4446
5609 8811
1126 4260
6549 7888
3450 7142
2177 1355
1274 6871
1234 4598
9667 1515
5934 5366
5785 1248
8803 1085
6564 3648
9851 8922
2684 5516
1626 9429
4062 872
266 9556
375 6183
8349 1168
7356 3447
6732 5153
4798 2431
8771 6879
1097 1582
955 4538
2873 8921
6523 2838
3844 5431
5241 1304
8650 94
9551 2300
282 8968
4880 1471
2917 6611
7654 9765
6344 4571
3837 4740
1536 367
2780 3705
2224 4753
8536 1827
3624 8996
6058 169
724 2878
4073 365
3273 2221
2359 4405
3262 5467
76 1478
2146 2443
7581 8994
5995 4774
8581 4508
4331 7963
2625 7628
7483 2438
4159 6717
6466 1279
1635 3655
3384 2339
8473 5060
9063 5745
6612 8569
71 3313
6112 6787
3191 6847
7676 9554
2908 5509
3392 8044
3719 4992
3826 1270
7194 2225
79 5005
4710 761
1349 476
6100 5291
5423 7326
790 7029
7738 5348
7399 590
9325 4082
5430 366
3318 1977
4320 5528
3369 7605
7042 3874
8308 6100
4342 3881
1460 1072
8683 5816
3323 548
147 9177
2542 737
6814 3971
6361 4261
8895 5183
5384 1681
8455 2180
4085 4148
6712 8347
545 2195
896 4803
1793 9420
8951 6199
9482 4971
9051 6102
5371 9023
9852 877
3003 2196
9871 9010
5243 2348
2673 3570
4508 6864
1797 1602
2228 7585
1712 8697
222 7538
3411 9465
1156 9054
9322 6140
5630 4236
949 9308
6835 26
1573 6336
2476 841
6836 2917
8691 780
7566 2070
8686 1591
915 4548
2376 5831
1530 1882
6520 5217
5552 5394
6376 9207
1800 6123
2840 2592
7816 7670
3695 9901
850 6800
2495 8455
4124 7667
2611 6138
5880 1338
7978 9459
4836 6739
6082 2657
1655 8361
3929 2666
7122 7771
859 7942
3927 9331
9717 6610
199 3272
5399 1380
4062 1855
3760 8512
3660 1950
9153 319
993 8430
998 1829
1377 6617
195 4978
6293 2020
801 125
564 6436
9677 7075
2591 1206
718 1532
4857 368
2609 1330
1478 3587
4474 2148
7642 5696
3752 9474
3707 2466
7553 6686
5278 4605
356 1660
2137 6452
7271 7517
6395 1215
9603 2391
6433 3327
7778 3306
250 6135
7879 4981
4263 2920
1646 5459
4804 4719
6452 8966
9011 8770
7375 836
662 1513
3932 1537
2816 5307
2854 4141
9990 8449
2487 7941
7575 7095
814 3635
5615 7229
8367 7304
9650 2733
2353 4302
664 8731
4910 6262
9675 1238
6933 6773
4739 4097
4828 961
547 4840
3654 5494
7627 8737
3199 448
1925 1957
7072 9396
829 2781
4365 9640
8929 5310
4256 617
6812 8356
302 7213
5493 4131
9622 4753
5065 2136
9960 7925
4505 8006
6633 6600
6855 2767
7605 6849
40 1668
6177 7501
1524 6268
5784 9623
9832 2651
1397 8814
1368 5138
2186 7923
4638 1622
8695 1218
5696 3557
3394 7042
9414 6502
6845 1406
9645 3259
3659 7296
6654 5129
5873 5290
3804 106
3842 4853
2542 7540
1402 9809
7608 8358
7737 3842
3073 3713
943 8159
4598 5143
433 1726
4160 4972
3023 3608
5703 2996
7822 2681
1603 4481
1620 3807
9401 5423
7998 1182
682 8045
6750 7653
4021 7752
3929 5212
6538 5871
3019 7329
1222 6497
3896 2478
4056 4352
1069 5301
4541 3651
1215 8805
8966 387
4829 2526
2073 2920
3886 7859
5958 2080
7568 2984
4036 2013
9031 2600
6696 6924
9900 8029
6777 9689
1971 2977
1811 124
4046 4189
2641 7948
5356 2029
4244 1982
4852 5242
7756 7055
5752 382
9036 5812
2935 7191
6092 8216
3649 2548
8532 2454
1552 1038
8435 1137
1821 8208
8736 2626
8935 4195
6116 7198
7038 9980
3369 1355
3902 3922
3487 418
7322 2598
2666 745
8664 5706
7344 1494
6606 1797
110 497
4620 6437
2076 4921
8699 4948
3323 8658
1724 8275
9743 2173
6860 7163
8387 2488
9866 4135
5964 7746
2493 9441
1972 6161
8962 1451
8010 6613
2222 8678
8763 534
2312 4975
6703 9446
5505 5688
6339 1470
197 1889
309 4351
1636 4634
7943 4351
9064 7875
6269 7059
2950 722
4558 5422
5934 7927
7830 9378
6941 4982
1008 3241
6592 6026
8057 7662
6495 219
2287 4078
7654 774
9812 5195
5203 5050
241 9881
3442 4378
7123 1986
3712 331
2943 224
4889 8858
5709 7465
7667 6066
2751 6434
2333 2245
225 4184
6178 6706
8320 9131
4212 3343
5249 6602
831 8249
7033 9301
2187 1857
1388 3065
4939 842
1514 5651
4452 9593
1344 8991
1346 988
1880 8144
9651 574
8365 2483
2525 5964
3819 8397
2247 8152
9906 3746
3619 9042
4729 2472
6528 4468
8742 3661
785 8578
9439 3325
4195 6185
4864 2217
9584 2987
1670 422
9301 3276
1431 8497
6598 4129
1929 3963
2046 8014
9687 2072
1388 6718
9610 6585
5037 7010
2052 3702
8857 9761
4628 4843
2530 2785
981 5550
5445 5634
5891 3528
8752 2794
5904 1883
4170 8784
707 5379
5207 8077
1334 96
3548 7189
4997 9471
7153 8503
929 6293
2183 2850
3415 5291
1131 6255
6132 1404
9331 328
8367 1053
6673 9491
2827 5325
4105 891
7922 5089
5612 5056
474 9394
7079 1138
4079 4276
7553 8895
8164 1873
4478 8028
2503 8994
3892 1685
1904 2320
4894 7968
1434 7232
9777 745
814 3835
7321 1703
295 7449
2039 8473
1868 9377
3644 2500
2588 8567
7107 6968
9100 3915
9770 1418
3378 4887
2630 6672
1650 734
9569 1387
4077 8747
3751 5445
2528 7402
510 4317
4278 8305
5179 5248
8948 3488
4192 5981
1400 4842
6425 6689
618 1067
1023 5458
4616 3899
5585 6821
9050 1515
9018 3244
7141 3471
2634 746
6928 1239
5911 5273
8524 7038
8922 2944
7266 4312
1668 862
5912 2371
4220 5782
2777 3397
5955 5573
8536 6531
1033 7036
5661 6170
4901 4264
929 6542
4704 6404
6391 5090
6652 6351
6853 9047
7849 7233
7470 4207
4059 2601
5651 9336
9661 2831
835 8584
4258 1903
9936 4820
2797 3784
7089 9396
8573 8683
8346 3669
5303 1601
9154 7150
7430 8227
993 7163
1215 6777
8547 7743
4514 5438
26 7675
3721 291
2138 1733
4171 2067
4374 8619
9217 4574
2954 1703
7541 3902
9141 2661
3470 4263
9759 6037
8397 5703
4418 1338
6105 4629
9194 7436
7288 2569
6757 8098
7841 90
6005 1156
1173 1636
2509 4929
8333 8158
912 1117
1564 8425
8516 6136
6899 2807
2138 3108
5315 4848
1464 4854
5797 6093
2153 4729
6816 7077
2593 302
388 921
3714 5088
6005 561
2896 420
2025 7817
7227 1034
9578 6828
4098 7093
7933 3298
5897 4610
6600 7549
7372 6704
7237 3443
9912 4141
8980 7993
5408 912
7125 8950
1928 9748
1418 120
1629 423
4203 3230
5226 5780
557 7830
7519 4382
1444 5566
9792 920
4289 533
3205 4573
6696 5670
3972 3539
2208 7070
6173 819
935 1389
6255 6485
8067 3806
6527 230
5274 4603
605 4120
4708 1686
4512 3185
7952 4622
3738 6946
8388 2577
1347 2398
5849 1941
7990 2941
3255 1822
1712 2443
7393 3011
4983 3744
4391 9922
3886 959
6244 8401
7203 9050
5281 7505
8590 1838
2974 2126
1643 5927
3037 7149
4921 4056
4798 8725
3290 7127
9362 1645
6493 1657
1118 6728
4778 344
9622 5542
4067 9755
8739 5463
6270 8012
6748 2956
4790 5848
181 9726
189 125
8532 2928
6068 4754
7927 8804
977 6802
7423 5009
3702 838
4297 7690
1610 4458
9596 1409
8831 6068
9577 5746
246 3592
1225 1323
6652 2030
7355 3532
1199 7547
3460 8788
3503 6074
99 7399
357 7746
6926 7394
2746 7390
780 4932
728 9601
3059 4245
886 2828
4538 4737
2396 8496
9178 2375
352 447
5032 2897
808 7588
7656 4000
9406 5642
3398 9987
3611 6400
517 613
5724 5465
6554 5215
71 8447
5004 4861
5288 2470
1447 9391
6618 7134
8870 2680
1207 2101
2841 6185
4085 6806
575 136
5270 2262
4984 3429
8392 4839
1597 166
1485 4108
3285 5002
832 2298
7506 1448
50 1680
3183 1924
5132 2769
7463 4175
7691 4165
4146 1067
4387 498
5801 2710
2958 235
7329 3472
8720 4194
4547 7507
4314 9456
6293 4829
2348 668
7199 2565
5186 442
8911 8588
4993 7780
6840 9383
6371 9547
4101 1255
8190 177
5042 8779
8040 5289
7852 2933
4424 3056
1060 3252
687 5851
6159 18
8659 8244
4298 2042
4255 9851
1616 605
9611 3633
3297 1751
2921 4217
4329 7737
8733 1023
3305 4874
1815 3256
5680 2822
7370 5359
9876 2266
3174 3563
413 4927
915 68
888 1684
2612 3922
3156 2229
8362 2850
5514 8383
1827 9358
7059 1011
7710 5481
2309 6627
2166 5101
1513 3356
4003 2844
4768 3707
9469 3471
6480 2998
4870 8787
1723 491
8920 3124
7415 6831
548 4875
2818 2801
8713 3951
4431 1236
8200 4882
6002 3864
7225 6507
486 5152
3552 9576
8798 7120
7523 1656
4258 5487
5241 8316
4015 9354
2906 5059
4022 9092
8452 749
234 4793
9852 4575
8655 7407
2463 5368
753 2326
3518 7617
8552 2010
2183 7613
8386 5441
7467 3838
9892 4375
5952 298
7558 9954
6265 7513
4146 3096
1406 5726
5740 6102
1860 8876
3094 7122
2066 2732
4359 95
6602 4678
811 3416
6020 3198
6393 2588
3235 4704
5007 907
2157 4297
9262 8697
7194 6346
2538 5848
7480 3311
3125 5010
3250 1766
5238 8311
5890 9496
8662 6585
9064 3533
2481 487
5036 2218
2619 6626
4672 9496
7365 2441
2501 7755
8767 4175
6586 4101
9638 6537
7688 8534
2550 6072
5731 4280
4415 3527
8706 7887
9070 1977
6106 8256
4722 1101
765 775
2387 1931
9402 9652
5249 2763
4782 7779
3938 7917
4585 834
4724 9817
9767 253
3616 7741
6434 3941
579 1824
3697 8788
1902 8838
278 7354
1713 9596
364 4431
6846 8854
8533 8017
3749 3104
7521 6505
489 2969
2689 3407
5189 7010
602 6294
8163 189
6935 1995
7315 5869
1351 5249
6476 4275
1776 5503
6356 7122
470 5418
8898 9928
1049 6052
377 7864
2861 2299
9175 8520
6879 7602
8606 8090
6685 9557
1623 4061
2666 1100
3940 3915
8218 577
9585 3583
6290 9267
