7320 5644
9517 1470
8972 1882
321 1390
1917 7818
9924 7620
2719 6928
3992 5874
8795 4310
1835 1115
1906 2559
9194 5016
4982 6721
5946 3342
8504 4215
6961 9720
3650 1145
7280 6679
2493 1024
9947 7539
6437 1897
6989 2190
4567 3924
6612 2385
5827 1763
8102 591
2083 12
4920 8834
3657 7062
4776 2442
9608 3149
1497 7454
5626 1590
6363 7156
6811 4990
3534 3595
5283 3328
7074 7932
7048 4457
7640 1333
7953 6062
8890 3410
3160 106
9381 9742
9760 3857
9959 1544
6416 9472
7036 5122
5011 5588
1777 4696
8264 3302
2995 3039
8682 4365
3649 745
7781 2612
8515 8293
8579 7240
7381 969
3857 5291
3989 4969
2086 7319
2706 8620
7828 6048
2956 6018
5955 7685
5394 5891
5267 925
6585 2088
4784 3792
7836 5430
655 6710
2127 8563
5185 9180
2038 999
1891 1508
3326 6716
5354 3588
7834 4596
2950 1104
1426 8712
4615 3845
3441 902
4351 710
8002 9703
1052 1123
6133 4160
6322 7369
9308 8744
4487 4519
2369 7490
7515 8874
5315 3807
1828 2531
8341 746
5810 8778
4747 6489
3062 8683
1755 6755
431 453
2401 8858
4541 5880
9979 77
45 3833
2987 3892
7701 3436
482 2061
6123 9057
9481 2679
8408 3160
2205 3702
1040 1222
1885 8897
7967 6441
9984 4152
9172 4710
3470 7585
3765 74
1653 3930
8592 7324
1653 6341
3759 4716
7817 423
7860 7242
5772 9111
116 3830
8286 6034
60 148
208 9997
4377 3414
6525 2592
6450 8833
7927 2794
3799 3509
299 6604
8856 466
735 7669
2039 5173
7228 3234
6732 9904
9138 3498
8021 135
2858 2533
3057 6976
3658 1659
7773 3656
822 1196
5476 4592
1149 4315
5305 6166
7591 7751
8838 6835
9734 6790
7625 7051
4943 4050
9779 7997
3843 282
3329 388
8204 251
7499 3358
2559 8956
2279 6775
1283 9690
2689 193
7275 8603
793 5468
2014 9649
4946 7592
5578 5899
1693 5008
3619 8565
722 8944
2760 6298
7059 2173
1224 2808
295 3374
6507 8739
6221 8260
5465 8806
66 8312
2521 8831
6556 7941
286 4921
9448 5325
5499 5319
1949 9458
812 565
5218 5637
3797 6167
9999 6168
5687 8274
173 6130
2327 1842
4896 5357
1802 9160
9823 5300
8544 3322
8272 7982
274 1746
8757 7111
6788 4949
5045 266
5652 7302
2181 4984
3078 360
8897 6712
5628 5040
4888 1866
3636 8919
1797 7833
4200 6757
9211 2447
9338 6929
3547 4668
4471 1976
3328 7842
5976 4429
6410 1706
4079 3231
1461 5457
6669 2453
3744 5859
801 8669
8724 1058
790 7084
9741 9616
6535 5523
1609 6486
8988 8183
9326 1992
7756 1024
3696 9936
3369 8435
4926 1237
4887 4893
8894 3460
1204 8912
6252 6092
3550 1687
5778 3528
1025 1027
2265 7333
1616 2841
9116 5273
8010 7757
3918 2713
5253 971
9171 5899
7796 7835
8397 4697
1005 1804
6189 4623
9238 2713
3975 7162
20 4491
4090 1441
6335 6815
5387 5370
922 5942
2600 6872
132 2272
7824 1126
9362 1155
6196 4975
5562 4686
4457 3569
5776 3332
2441 2478
9742 2728
5851 6579
1075 4934
875 4004
2472 723
7034 877
501 6508
3806 6501
7317 3511
5170 8579
1048 4328
7044 3604
7564 9157
6108 2958
3600 7620
6553 1305
4445 7811
6661 4825
7773 3010
8404 4815
2460 4023
8817 7060
9254 8376
5152 9802
6665 6046
6697 5872
1921 926
1134 3573
9380 5142
1690 4435
1600 3246
6805 5281
2345 1740
4057 8053
5316 7952
4390 6911
1745 9608
9601 1510
3179 4469
791 6049
2773 8171
4859 6510
4514 8603
3125 2400
1207 2791
9505 1441
8444 4815
8811 661
8579 2908
3738 247
6896 7536
6473 8558
7879 3504
2785 5474
9671 2551
5122 739
424 4964
9081 5815
2726 3169
8466 2639
1964 3668
5989 5877
1268 5274
7298 4140
2925 9663
1046 3271
8584 2946
1378 8596
3751 8491
480 5554
4457 616
2957 9839
797 1881
285 7780
7417 2757
3871 5470
5214 7839
4293 7733
1172 5917
9965 2126
2042 5832
625 7448
2200 9065
199 4747
4681 9421
704 644
2800 6288
8150 6397
2020 9438
6728 1915
8493 6477
2022 7090
7653 7064
4192 2884
3486 6508
5288 9401
2069 5058
1615 4125
6086 5279
1259 6531
2040 1294
5814 4948
9498 732
6915 3056
1729 9163
9725 5345
6323 8221
4421 121
6230 663
6286 9946
813 7127
8928 2539
3459 6253
1552 6720
1037 7029
9021 827
2363 7361
1425 3272
58 2462
7476 3243
7760 1373
1558 6643
8711 5963
5913 3033
5829 6369
1397 3381
4336 6104
8200 9599
6374 1099
4124 4223
506 4460
4080 694
1876 5068
8699 6661
8297 3029
5041 534
8865 5227
2886 4897
3862 687
5036 792
299 7803
2647 6236
8135 2451
3252 8350
8376 6163
8474 5138
6484 2854
1088 3253
7231 6979
5728 3248
6596 5650
572 7620
3505 9946
4779 4644
2928 3087
3385 9800
9458 9218
6783 5167
7471 5611
9654 4511
2712 7883
9674 9148
4249 2666
4868 7787
9981 8361
3877 689
5049 8361
545 7558
3852 4423
3191 5487
3137 3026
6298 7304
9583 6217
8709 7525
8453 2170
9602 642
7490 6335
4673 1498
1276 1112
6651 9010
9398 4607
8246 1715
5429 7184
4936 2131
2011 6752
9477 3118
3243 2514
1425 8420
8943 2611
4201 4585
3999 5137
4296 7999
2183 1738
5984 3354
8118 2050
6103 6472
3588 1792
7915 6145
6450 8919
4959 2395
2412 1580
1096 653
3384 5262
1083 1847
4501 2452
7936 518
1003 860
1067 6998
9659 3409
4050 500
6016 4160
5989 7267
5700 5162
9942 6507
1126 7515
6591 8554
9982 6429
9134 4894
917 4872
6915 3533
504 6224
5169 1033
5295 1387
7742 5702
7959 332
5305 9280
8080 1717
5897 4982
1949 313
3944 2878
1708 7496
7284 6542
1720 3822
