1348 8464
236 8233
7715 7634
7408 2289
3945 2272
4203 1124
8461 2170
3461 4421
7573 2608
7618 149
3182 5954
6692 1042
4568 8614
841 5329
2173 4903
9827 7307
7074 1113
9746 6177
297 5653
3876 4859
1688 7470
9141 232
9694 8683
5797 4097
3504 8684
8618 4687
2056 315
8885 115
7671 7584
153 4549
1290 7222
933 4104
5682 4780
5152 8099
9800 515
8747 7756
8612 3298
3574 6197
5549 8886
5985 707
4659 8557
6790 368
9385 6625
9158 9710
6150 8863
4713 5591
5150 4451
956 4792
6709 122
543 6861
9995 6594
5082 1465
810 6511
6213 9232
763 1447
8358 7034
8206 3208
1964 9376
6836 8289
3978 426
9712 6345
9578 8814
363 9754
1296 8998
4844 595
4452 9056
5161 6101
225 2290
4591 3467
5495 1450
6188 2119
9176 9766
8976 7610
6563 562
945 8588
576 465
800 5138
6915 8619
307 598
6423 3973
8120 2517
9344 6803
8053 1718
5214 3426
9930 2037
6561 6933
3988 5686
7098 5831
2077 7051
3941 6771
5156 5754
2150 8807
375 6387
72 4913
207 433
1849 2855
632 8817
882 8981
1419 7109
6143 6664
562 9297
4962 7286
7969 6722
1824 4921
772 8679
6661 9267
2161 5198
1389 1505
9166 9172
9003 2700
8176 4025
9723 7423
546 6809
5315 2605
2231 1906
8669 9931
8801 7521
8881 1059
9994 3179
5996 2989
1773 6493
8764 793
7876 2200
9960 3012
8123 4989
196 4999
6729 2779
3701 4473
9690 3544
1573 8368
791 9594
2727 6270
1984 3266
3967 6401
9093 6202
5832 453
8897 4423
7824 5858
4783 8130
5946 338
8549 536
452 2071
8069 2793
5542 9136
2073 1140
6788 7257
1512 3016
9663 3546
9253 4087
8175 1094
5830 6347
876 1564
7266 53
777 339
8836 9833
6223 9696
2251 5411
9405 5807
199 2465
2307 2216
5229 5979
2637 5682
9809 972
1939 4345
1787 6953
6004 7358
4411 3666
2189 527
9840 2170
9463 2404
8465 5122
4869 9234
371 5090
4248 6247
9797 7823
5657 7407
7161 1437
3957 4539
7889 3516
108 1429
9249 2647
8151 3579
381 1944
856 5489
4689 3328
7203 5388
970 8613
7056 3456
3347 5670
9757 173
4223 3077
6450 2518
3781 7390
7228 9582
5548 2076
6280 5000
9772 9016
2805 6176
4381 620
342 4212
2322 5214
2652 5618
2964 4433
5479 4138
7012 5629
1573 1826
9310 2546
5537 8581
5662 6578
8819 8271
7433 3101
916 2719
7949 7581
2968 4655
1740 1711
1306 7621
411 2881
9138 2193
6360 5712
3189 1149
7279 8521
5316 7821
5981 1076
2929 2896
1380 5768
7720 5863
1593 7255
4904 6686
2493 1674
1251 6331
7575 5048
1390 9503
3684 6737
2095 6477
2824 8061
8326 8635
7013 1584
2331 437
5798 1674
4357 5911
4474 4438
4437 8657
3636 7267
622 3771
8642 8347
5677 3877
9494 1324
8745 4673
7801 3029
1413 2878
9729 2319
7262 512
7516 4756
4482 7702
8945 4020
1459 4577
293 1538
1372 1699
2581 7906
8692 3602
3095 338
575 595
3048 8713
9480 9003
5838 7292
9276 728
7684 8763
7954 9779
8378 5896
2525 5717
903 999
6057 4405
5256 4466
5759 6872
7965 6612
5814 2193
594 4608
3893 329
6980 4190
2443 4906
5114 5928
4002 1566
2691 5532
2884 9982
3812 5842
3387 1692
9738 1495
9355 9778
5080 6057
9827 4662
7639 2791
4049 7538
2267 2557
8342 468
1743 7381
1931 1851
8086 4060
5277 2628
6967 10000
7501 3297
9858 885
9298 1476
9988 9301
3178 64
8448 6095
6010 8707
7229 7559
5002 6342
8580 9809
258 1653
7108 8045
3748 7572
2098 8508
1989 7134
6627 6613
9899 9921
7256 5423
8628 7965
1460 6672
3450 7581
9774 8336
334 8981
4482 9733
2078 2066
8689 9997
8916 9703
8179 6459
2856 6013
6707 1484
6443 9910
3788 466
9370 801
2260 6333
8532 2429
1051 4321
8069 1118
2111 6309
1687 2919
3156 5445
5668 9782
6902 1331
4842 8267
4282 2643
516 1101
8137 2791
8021 3832
2942 7353
2921 789
5620 1324
9098 3220
9799 7696
2746 6787
3405 6305
5534 2261
3681 5308
8768 4950
8529 7115
477 6477
1550 4393
1397 3496
2474 4105
7718 2269
1515 2422
1737 8038
3196 7753
7217 2230
1657 2699
4981 7586
8839 263
7146 2773
2695 601
5378 7459
79 7930
3479 4172
4537 3285
3427 540
4003 6789
7479 3333
5431 9365
3963 8248
71 4994
6055 5479
586 7744
9397 1916
6040 1614
9509 3115
2251 812
229 8266
858 4901
7078 2322
8764 8644
3351 4432
3638 7817
2287 1707
2214 2276
1048 5819
9960 7271
8753 6384
9803 9675
3268 7008
6598 5834
9286 4950
558 6693
5122 2446
5590 1831
5222 1390
6503 2409
4409 6812
5667 6977
7207 1972
559 2281
872 391
1823 1971
2092 6541
8503 7550
277 1105
8219 6926
9811 1155
4456 7571
1810 941
6373 71
3669 5858
8358 4719
5998 9704
8722 1901
1070 3490
7017 4168
8092 7259
1681 4720
8351 4511
684 6742
9761 4031
1280 6962
9587 8268
2509 6934
7131 3437
6713 1657
591 9310
5534 917
226 4206
4727 1027
6273 6905
7818 9170
1087 4755
5965 9167
8349 4929
455 8736
7906 226
2979 3158
3518 3589
7540 2973
1988 5068
554 1842
2880 6305
1479 5999
2666 3141
8825 4204
8703 7151
6730 2355
2581 5313
7970 4491
9047 1581
1852 1932
523 4089
9848 8018
4535 422
7650 3812
7629 5727
1953 4473
1868 2395
2030 19
4303 1740
5237 1269
1404 6836
1742 7977
6705 5308
4953 4140
5459 3515
1445 4684
3704 3171
2711 9024
1064 9988
5846 6266
5837 9064
8261 812
9779 5825
9227 3576
5456 2475
1486 4876
7868 8687
7233 7111
3931 1092
5351 4093
1943 9399
7656 7171
7449 7654
9954 3688
9250 7949
5817 4259
8385 2669
5821 5979
9172 7215
5709 9091
3288 1480
6126 2083
6509 7984
5859 6645
777 1283
8524 2884
5558 8129
194 5211
7246 3008
6314 7871
1181 7999
1964 9528
9442 2677
9209 1897
5751 6858
6417 7033
9332 3647
7712 8335
7852 1722
7291 3971
7534 4980
9083 5683
8465 6201
4955 5609
1743 6661
6743 754
5846 14
1239 1763
3230 5051
8262 3863
8475 26
5238 6857
9678 5379
6200 1074
5672 665
5770 7245
6077 9618
5146 7686
721 4423
1610 2527
3528 1369
7742 5642
9080 9040
2602 5593
1175 9878
2729 3672
7818 2637
9096 4783
9104 7732
4974 8453
2979 3677
4032 5092
9949 5534
4108 2071
1975 5461
5183 4584
5783 2457
9269 8865
1348 5482
3520 261
2078 9876
8207 5367
9086 3996
2624 3831
4006 8769
573 5110
2748 1963
804 9747
9302 5225
5263 1312
9279 2133
3707 6251
6548 1897
723 345
6231 7174
6318 6857
6698 873
5775 1839
5013 5720
5609 9896
5071 164
4314 9992
9184 4220
7532 1967
3476 8084
1598 9671
3817 3152
8261 81
5673 8634
6732 8323
6283 7191
1082 5724
3640 9337
627 2875
1558 6609
3881 8803
1596 8472
9366 5201
7766 3724
197 7886
8688 3598
1229 3209
5590 7878
9194 9541
9320 8093
7554 3033
9730 679
3430 6187
3946 9644
6380 7627
6680 5076
8760 9723
609 4465
850 4576
6816 5287
820 1723
9480 892
1148 6491
8776 3166
8335 4235
5527 1559
4125 1874
5845 6430
7940 8266
798 1798
374 8044
9523 5726
78 867
789 2482
8724 1130
3670 9491
4024 782
6730 3039
4399 1004
9632 9486
5036 5851
5627 8091
3565 6608
3626 3561
1048 983
652 8570
3951 9071
1384 6731
5765 6300
5405 501
9544 7909
6549 9925
6843 1743
3851 9100
2615 9499
6736 1474
2484 891
339 8381
3895 5580
5243 7283
2035 3519
3006 4181
9255 8217
4665 835
1415 7359
347 9607
6754 4964
7029 3539
285 831
8622 7366
9257 3102
5207 315
1888 9655
8266 4473
4370 6713
6514 1628
2631 9166
7722 1838
7242 505
2752 9267
8682 5455
4764 6351
9051 1215
8020 8189
9094 8660
1458 6218
5190 3290
9310 8801
6972 5019
9884 2534
7922 3685
5533 6800
5830 1738
7066 5435
7338 424
3983 7419
8370 3572
5862 4217
5701 7924
9018 4909
1836 1596
6272 8449
6820 388
6208 7988
4381 3256
6642 3566
6115 5055
3748 3468
700 4756
757 7238
3038 4534
1549 3453
1667 5782
7356 9020
6685 8832
1277 9973
2752 3165
475 7672
9996 9682
1414 991
8431 1798
9562 9498
8008 2956
506 9981
7318 3415
64 8498
9642 4398
9060 9163
4303 6323
8169 8208
5512 7242
254 8338
8923 9972
9002 6526
9655 4546
3286 3313
5766 8785
2249 7561
4010 7374
8267 6888
8143 9727
556 190
7526 4916
2421 8943
3136 5393
1668 6075
9495 4528
5095 5575
1850 8193
7482 3028
732 5033
8724 967
4751 111
7191 7070
9417 4934
2303 6406
2774 9217
4882 3593
8893 8853
4153 4324
5379 6174
9525 7134
5220 1698
7948 8080
2097 1730
1230 7090
875 8851
7878 364
7264 3782
5857 1621
7231 3755
3811 5566
144 3047
8123 6656
5921 9428
8991 1772
3159 1106
5572 8608
295 1731
9756 3082
9810 6458
2749 3685
1022 3299
3833 3757
4480 3447
3737 3442
2428 6000
3089 8265
8670 5312
1160 7855
1886 4286
3065 6615
1405 6139
5956 1123
151 3273
2840 1157
3733 4724
3269 2823
7862 4729
1448 7847
7335 9706
4314 3494
3815 7887
6733 4280
8723 5380
2628 7762
9378 5815
1756 5486
7872 7910
1084 2158
4173 7216
8826 3149
3613 3426
3449 3133
3321 1762
3772 7511
864 9065
9667 9527
3410 8379
3779 8261
4148 2484
2885 2726
9448 6580
3530 5933
8470 3683
1148 6267
5435 6259
2939 5899
1491 8696
6671 5660
920 4221
4065 9031
6082 1801
9855 7655
3823 7371
7051 4963
2184 5764
3615 5174
9222 6649
8842 3798
4061 1807
3790 8171
7752 7749
8433 2500
423 738
6109 9517
9655 9806
5148 5168
2383 8386
371 557
6343 3455
202 9659
2516 5846
8476 5618
758 6096
8655 5322
3510 5212
1593 3051
4948 5307
1304 8760
3489 9718
8595 8065
901 9709
9978 8430
7275 8988
8777 8240
367 7034
7971 3929
2176 5864
5039 9437
3097 1021
3695 3494
918 5526
1812 2127
4010 4082
6414 8731
4360 8697
1579 7435
3396 7011
5920 197
2012 2775
8872 1249
6263 4901
7076 2260
1886 9651
7091 662
3947 1446
6316 4622
2653 5081
8139 7068
3114 8216
1827 7987
8044 3299
8378 9432
2578 6766
5345 2286
2061 1805
1390 5001
590 2546
8699 9472
5426 2623
5189 8910
7722 8694
1712 4415
520 3714
3685 7775
8625 8323
8601 5971
3903 4470
8360 3537
803 7959
4059 8312
2433 6901
9994 9004
9287 96
4419 8080
9633 1208
6591 6533
881 1476
3260 7175
2613 3168
6378 1415
4690 9054
6579 1960
5914 8223
2197 8761
7626 3656
1227 586
8077 1058
3406 8418
7822 1368
9754 7511
8251 4222
7772 1947
2935 1322
2687 8101
6609 2398
6611 4462
579 5465
9510 8224
7897 8506
8188 7692
4756 659
7910 2641
5963 3512
2610 2036
8578 7208
3548 1993
3311 4277
232 8737
9429 5929
3151 3380
5207 4618
6749 3918
3374 2682
8660 7358
5205 5820
8627 3029
2365 260
8360 207
4178 9617
1377 8734
8695 5738
8504 9107
5082 4268
1178 1244
6258 2590
5713 2754
4365 7681
2189 5267
2745 5633
7868 2875
1631 2159
4092 6948
1342 9557
879 5142
7402 638
1263 3453
3307 196
6884 1676
6048 3013
2294 1422
9585 5396
5081 8919
9160 5119
2742 5760
2177 9578
9370 6723
4436 4367
5479 7307
9773 7538
9766 329
6819 2157
7887 3097
7019 4688
1629 9386
7383 5130
2506 8298
1285 38
5909 6149
1968 1366
9603 290
2752 7656
8901 1411
2493 2382
5015 8976
3799 5211
3244 5288
801 2663
1485 4517
2637 2697
1966 1297
4297 8422
2669 6881
6040 1003
426 7020
1557 9409
5675 3489
5536 7727
6629 7901
4164 3862
2891 9237
3895 6799
7198 6423
789 794
7472 6438
2852 1469
5678 3259
362 5449
8530 8155
6750 4987
3658 5535
657 5274
9347 7727
9521 393
5074 4240
9519 2950
2111 8427
4464 1020
7961 5905
5412 2626
5111 6062
5795 3129
5635 8721
3077 2844
3778 2578
9564 6770
6362 480
7420 4293
7404 8859
6615 6756
4916 5985
679 2881
5754 7084
3054 946
1297 4509
7623 5529
3570 7401
4130 1641
6349 7763
1262 9530
1716 8824
112 682
5978 944
4621 6312
7059 5543
3005 7610
6329 7211
9051 5054
9344 7061
8321 2413
9572 347
1043 6453
2533 8544
3178 9751
172 4544
6283 8786
4469 3707
520 7853
8766 8322
3203 738
1829 102
8273 8957
9148 9039
6918 1513
7568 872
4884 8795
9625 4412
7544 1112
3661 7658
8051 7289
6420 6603
5286 6429
9313 8385
7642 9418
9836 5774
5859 4348
289 9962
8375 7144
3201 663
3413 3518
6369 3465
1979 6929
836 3823
5737 248
7597 9923
1259 1912
6135 4980
142 6998
8201 8824
3632 144
5791 4490
8477 1794
2776 3827
9913 2837
9419 7243
8310 3033
8766 2124
6030 1287
8110 3987
3617 8549
5742 2867
5940 9486
5429 5389
2279 6415
8591 343
7579 7706
8027 4354
3928 618
2120 667
8537 6066
1881 8571
7801 3095
9847 4894
1521 3177
7087 9380
8833 2718
4914 2224
5855 8024
3583 4001
8595 841
3878 4919
9767 8483
620 7227
8656 8967
1229 9932
4734 5419
5770 4607
8607 9449
5735 2734
94 6526
608 9978
7755 5728
5168 5722
469 4718
726 4392
5484 3667
1136 3259
6304 2287
1600 8263
7310 9713
3270 9501
6788 3047
6653 2638
4586 5699
1761 5027
930 9993
6623 6536
7179 8716
9661 3874
2457 4420
7838 6296
6306 2439
1637 7346
6887 6047
8141 3342
9932 1663
9250 3814
5025 92
4848 6788
7077 3956
6744 736
7631 7178
4286 9504
1404 9792
1329 9783
9249 947
1997 851
817 2447
6810 8489
1056 2821
3886 8023
2891 7208
8113 7075
6794 2907
2332 1389
4549 7417
211 9941
3800 9155
3795 9786
5294 6087
7184 2280
6955 7039
2483 3888
6802 4742
3156 6198
5173 6518
5081 9321
4610 3423
7657 9187
1563 6801
5837 4212
9383 4903
8902 7880
4460 1060
9234 4369
1612 6559
4999 9579
8582 8117
2842 1
9988 8682
5930 9616
6170 4638
2918 8856
6221 1990
2284 5629
601 2346
5848 9591
94 1062
255 7612
6492 4373
8499 2881
488 3659
4114 4702
8743 6510
9050 4914
2566 6807
2786 4071
1962 2956
6027 142
4828 6229
6887 5186
2906 1351
1391 328
9891 1230
365 9728
805 2966
2085 6800
3801 982
6325 2054
5450 7019
8516 6256
7981 5226
8681 7412
3922 885
7665 872
178 169
9632 7383
8478 7668
8963 5352
3949 1409
6629 4117
4281 4815
2959 8840
1554 3452
7425 2745
9485 8514
4927 2723
9958 5717
2001 2888
9180 2560
3374 1714
9474 2310
7696 8817
310 1016
3263 9962
9805 9099
2507 1589
211 1596
6461 9155
905 4979
6395 2849
2764 9262
4899 3794
7293 1558
1589 5013
3837 1588
2256 7661
6794 4249
6822 7817
7507 7077
228 2845
3978 1458
1412 8372
2673 4497
909 9999
2420 6195
7967 2740
1699 2319
529 3849
7542 9243
9633 1332
4109 9845
8965 336
6076 5736
6012 2918
1909 8688
6703 6360
9527 9016
615 6230
351 1839
438 1110
6942 2227
1666 507
8685 5407
4643 2151
7576 7303
7980 2751
5297 7731
2414 4251
6978 6490
3702 8682
1702 1001
1833 5469
1826 6102
1700 6593
2311 3484
9158 9895
9024 5106
8860 7528
5347 6060
347 6324
915 7883
8783 6503
763 494
8309 2273
2984 1158
7155 6426
3455 7220
901 8236
5085 5190
8982 9413
8197 1970
9186 693
8147 6056
9528 4233
4890 8531
254 5152
9828 4502
638 5084
6365 3788
6287 4815
1913 5664
1171 2515
7476 5031
5365 6090
6425 1486
9284 755
4623 6279
616 693
8982 3651
5761 7212
6679 8384
6908 3112
3012 5657
9747 4413
7741 8895
7217 4474
215 4986
881 6495
1102 1680
5837 7502
1007 1294
3418 145
5018 3980
9527 3624
7627 1819
5171 3209
6174 8364
6518 5583
6802 6438
2445 4692
8535 9607
1209 2942
4947 5536
5657 2564
1015 2909
1358 2584
5700 3954
8818 835
1753 1424
6333 5946
1480 9378
5255 8898
4398 9217
4905 9414
6803 7001
7317 521
916 4528
5734 2497
5829 4819
4854 2335
4504 5026
6089 6896
3667 2600
7018 4531
1038 6594
258 8745
133 1697
8921 7051
5823 2666
3509 103
3241 9920
7004 8651
8890 27
6511 8707
5306 494
5548 4862
2632 5544
835 6126
8796 2760
8909 5726
1799 1686
6411 1882
3683 1901
7100 8435
33 9616
6227 5975
8536 5474
6261 8520
2344 51
7506 6468
2774 7661
3225 711
7483 4112
2890 8669
4182 2250
4660 3258
2634 4097
2191 5725
274 6442
8289 5526
4293 906
6714 4567
2213 4852
1739 833
514 6930
70 6274
1749 5647
9539 5785
2848 869
8290 497
724 1910
2632 4078
5634 8430
6559 4604
8270 8440
4132 1139
6218 8430
696 8944
7224 7952
7121 3160
7836 3295
8154 8624
3338 7337
634 3575
1299 6379
5819 8617
4910 9256
184 1939
8964 3923
5717 6295
7308 17
2537 1760
4387 9785
9763 5887
6872 1544
2719 6746
4517 6770
3617 5161
8208 2366
5948 9967
4454 5288
7344 4057
3335 1592
9080 1999
2372 6816
5032 2106
6879 8800
5414 3757
9975 1217
140 5585
4138 9979
5311 2410
920 6420
637 9511
3044 4438
5063 68
5517 1699
2150 9035
8231 8906
2211 2683
3187 7354
2265 2268
622 4841
3881 6138
6617 430
8029 9050
4196 1562
6689 1063
6980 4822
1612 3738
1344 5948
6858 8298
5930 6349
2991 868
7302 1536
9700 1676
2118 5395
1538 8614
8988 4981
100 9123
5267 5964
3449 201
278 5213
7396 2326
8698 2162
2883 9882
172 183
4852 6637
2182 1362
4669 5353
862 7591
4682 7136
5199 7127
1451 9412
2765 6939
7963 921
81 5340
5499 9554
1223 1454
3166 3118
1159 2780
3931 3144
1051 9453
7106 9984
6094 5339
679 3650
7517 279
9720 1563
5738 7033
9907 4681
1303 2602
5610 9072
7813 3715
5201 3361
490 4437
5037 5302
4946 3433
133 8410
9178 5687
2686 2606
5853 8237
356 4064
2914 2093
931 6788
7745 404
3546 6464
4430 1647
8868 4662
5916 2304
1109 8816
7466 5079
6944 9765
2141 3233
7824 9668
776 6742
7074 7062
6582 5743
8747 8973
1678 8119
3553 9205
4798 5992
1817 5143
6971 9729
4914 7265
2644 8343
8991 1981
7564 6547
6299 3545
3782 6078
4943 4592
4343 9481
9918 8044
3148 1495
220 2853
2122 3972
4719 4073
9253 3209
6460 1516
8580 4675
207 7242
6302 4030
5281 7719
3627 1948
9159 1005
2063 4061
8536 6522
6685 2270
3731 3459
8839 2999
8152 2324
478 1079
1169 4439
9556 8915
4320 4672
5889 3084
9491 2176
3629 9053
845 3051
2996 7608
9891 6657
3218 5797
1406 5339
1078 3902
8586 9576
3435 9629
3556 1524
752 8365
7307 745
7781 8445
4221 6615
6996 555
1232 30
7394 4542
8291 6009
3444 468
7272 5521
4187 3900
5867 5361
4540 1954
1476 5704
3753 3006
4710 4860
6079 7102
3666 7276
1184 2247
9654 281
2646 4502
7945 986
774 1653
3537 2476
8332 3907
6595 4390
9377 9448
3132 5032
3652 2036
594 3446
3852 1417
2584 1138
2051 9364
6429 199
4485 2641
7135 1399
6921 6698
4854 4794
6862 3181
3465 375
6822 332
7826 7062
2784 7262
8364 3216
3233 6727
1272 363
3968 2099
6386 7127
6430 8407
5269 4769
7293 2667
497 2056
6353 957
283 3699
3593 6531
6399 8907
9018 4958
777 204
1341 1047
7260 1259
2412 4963
5944 6253
2239 6535
625 4355
6187 9558
1276 9670
5893 4183
8653 1418
8946 7006
9480 9515
7365 3465
7256 8949
3136 4588
2907 8462
5875 4446
1409 3665
1526 3086
5688 3845
945 7145
1863 5699
1274 6956
1361 7286
727 5607
191 5335
2180 233
4912 3059
4324 457
8150 1552
9489 1902
2923 6138
8103 737
8259 7346
1718 2927
7144 100
6635 3309
7870 8076
8587 4668
6516 1693
3979 6485
7669 2033
3459 1953
6901 3450
4759 9127
5097 5900
5626 9230
3796 2649
570 8230
8470 9194
3096 9103
7767 7220
4027 4781
6200 7950
9314 8632
9494 171
7241 1847
6945 578
3613 1062
850 5230
4448 87
6004 8336
1207 7954
2672 4748
7519 6074
2588 6309
2637 9
8076 0
1091 9551
4831 4261
4529 6202
8852 2961
8394 6411
7480 8772
2807 3564
2039 3611
4704 4133
1914 7975
7302 4187
7033 8022
5256 5301
5508 7860
1341 7476
7807 5335
405 5344
5227 9955
2928 5397
4118 9305
5836 4810
8605 2631
1726 9473
7999 7694
3890 5735
4822 8381
1125 1225
6474 6511
1344 3514
3117 3861
4864 1188
6540 1759
2797 49
7292 713
439 1603
423 1876
1393 8235
8660 4397
8379 1840
1922 8396
3727 9394
888 176
2128 4634
6907 7930
4081 5315
2741 3799
3833 1945
9144 8509
5398 5248
7182 5396
7068 9096
9740 9539
5407 9951
4328 5771
2483 1115
7666 5722
7786 519
5647 2214
5533 2718
843 5661
8176 5650
5927 7547
7571 4789
1811 5665
549 9501
7660 6109
4673 9627
3771 3811
2507 5255
9162 1479
2001 6889
5690 4008
4980 9528
9227 3064
6980 7744
2721 4777
863 7462
1255 2692
5601 7987
934 5826
5457 4169
5205 9359
8727 9815
3571 4760
2867 9179
2847 9408
4575 7720
538 8199
2704 6351
2785 719
7571 3825
9903 8599
1441 7167
8146 2070
9731 5967
1092 7414
9757 9549
4651 5998
9272 5827
5430 515
8505 8483
3224 2997
1565 6242
8404 465
8613 3293
4188 8547
8015 2487
1592 2424
2236 2005
8070 8277
2825 2076
9373 994
5229 1436
2336 6392
329 9304
6934 1881
9954 8679
339 2223
9160 613
2943 7263
7698 7195
4697 2044
8224 345
1078 6892
6172 4522
2340 5892
5545 8136
1415 3884
8452 9124
2109 9020
6576 2371
4366 1948
8256 1966
8920 1504
7303 1470
385 1066
3724 9555
4178 8670
5707 4262
8092 5595
1968 8577
3960 8436
2070 1979
168 6270
3945 4742
9946 6488
6832 6625
7608 7016
3392 5102
7090 4639
8433 533
5322 5450
2612 8202
1009 3786
6432 4411
3983 8104
1528 3285
421 3642
2009 6224
4452 4851
4220 7087
9892 6333
9272 7120
6847 2377
4089 60
2274 8288
2906 819
5505 6087
9254 6110
8051 8907
3009 5181
9636 2372
2795 7516
3813 5517
7831 6969
1147 9193
6287 8461
744 7454
4121 4424
8627 8103
6111 1085
2573 929
8886 1750
7019 3698
2648 5792
8061 9936
7395 3458
3527 3601
887 140
5503 6670
2029 7435
2780 2967
5887 1295
4158 9508
4803 4679
5235 8027
2996 9885
6175 1239
9366 3184
6352 2806
5342 6343
3969 4570
9387 2745
6647 7709
3158 1794
3440 1058
4076 4974
4641 5236
5939 1858
7255 4938
6234 6286
4223 3793
2936 6361
3901 4706
2976 5061
9514 705
7173 9360
9427 3416
5189 1080
7827 6644
9959 1256
8210 5481
2924 8247
110 2892
1374 7124
6570 7584
2825 4812
8566 9325
8205 4695
1993 4934
8670 7116
9235 202
22 9063
4252 1192
368 9341
9375 5111
511 5235
3554 900
3883 4337
9244 5994
2237 2343
385 4491
7357 8402
4755 6622
4109 422
546 6515
4720 1443
5121 3693
7198 3908
2991 6882
9745 7625
6589 993
5117 8517
7853 5387
4161 5416
8104 6916
4325 2133
8745 3121
7726 304
5770 154
7330 2281
3325 7175
455 3959
3699 9061
574 1995
490 1398
5733 407
7762 7323
5608 4961
6170 8178
6797 7140
9248 5627
4385 8920
4154 748
6962 6717
7539 1147
4014 1817
5174 9888
4163 6706
5149 9858
2644 7273
1485 219
5506 2994
7139 2105
6556 2644
3427 7402
4074 7588
7585 8768
6681 9041
6510 2763
2528 8868
7989 4724
2130 4285
2115 3644
1126 3719
7602 225
1949 9584
2615 3091
1486 3581
3848 4687
1260 1141
6692 8047
473 1830
2426 9076
5590 1790
5201 7262
7793 610
4447 5778
5640 8480
9782 2929
8270 7692
6326 8148
7195 2264
3337 5957
8751 1408
422 4744
843 5764
7770 306
3010 2606
6960 6321
7417 2036
6290 8894
8537 4727
9098 3011
9350 9364
1897 3350
1304 7606
7053 229
2134 4334
4169 8171
7851 3233
2638 1015
5360 2228
5230 2695
1567 2100
2536 7524
4012 1950
8877 5251
1035 547
5940 3674
5631 2944
3840 6331
2264 528
604 1780
2799 8530
5150 5073
830 9493
1265 5157
5317 1970
6670 3041
4713 4013
7343 3287
1824 116
3424 4891
2947 663
1537 3788
2275 6728
2400 8635
1463 1774
7488 200
7178 4769
3501 5554
4898 5203
668 7309
5962 7634
1645 961
6562 8910
4859 7572
6336 2400
7486 7735
6380 1295
6580 713
718 1026
6812 942
6059 236
7180 7912
8870 7206
6100 4693
3850 5831
2548 7732
7813 3425
1050 3299
2400 6249
2265 3676
3652 1071
512 8621
5460 7357
8073 8674
6871 7740
7576 630
5766 8589
9005 8687
4721 826
4895 281
3140 645
4370 7391
4228 9632
3133 7323
1687 6135
4701 627
214 576
358 1357
5729 6226
9781 8588
7255 2606
80 676
9164 4508
2722 3726
81 7411
4077 829
3432 5373
5518 7736
8964 7799
4182 8809
341 838
3581 1148
3282 1714
9537 4468
4403 441
7580 7616
135 943
1441 3209
6405 2610
4881 9279
2467 9195
2971 6798
6255 2089
9653 6702
3385 8117
27 1964
1716 831
123 2459
8588 2557
6495 3053
7829 2570
7080 6957
2875 8729
3888 3720
6854 2978
7129 674
6244 6493
4742 2309
9890 3668
3555 1571
1866 5421
3572 5819
1074 5965
4644 6386
9328 9167
4137 4389
8537 1783
5002 9914
4427 7416
6991 7438
4566 5005
2794 1487
7605 4491
7297 2690
2461 2847
3760 5801
478 9981
3827 2780
5637 3578
1765 9064
1356 2445
5673 633
8752 3855
5856 6689
8482 1941
2778 6250
5360 1662
7386 3199
723 3416
3235 8882
2355 4325
7921 9669
621 9377
5870 6082
2302 764
9155 7319
648 5401
6728 5213
3113 9243
2790 9689
7460 4489
7215 6771
9644 8005
4568 8349
4099 365
7211 4074
7054 7956
3910 5850
7644 9512
9224 79
6293 2216
3182 7329
7928 889
5204 2347
1031 8734
746 612
2943 8600
5366 1103
4756 1876
1261 581
2391 986
4671 9023
4428 6691
6381 8210
4172 2454
6060 4667
160 4576
6201 5201
7860 3473
1692 6974
5123 9612
6397 7527
7510 5150
2952 902
5216 916
7176 1372
2624 3560
1936 1396
2930 7354
2512 1967
6004 6870
2813 8674
898 7211
1536 8797
9956 309
4549 1234
523 8608
4087 7235
7323 1978
6750 4825
6321 7013
4396 6234
2670 7390
3438 6133
3137 8877
6126 333
2638 5650
6885 1858
2515 6374
6968 7624
6551 8499
580 50
6531 7606
5420 9549
5305 3977
2862 1957
7547 8178
9522 1332
9851 4912
3252 3555
1936 584
8598 8873
8469 9516
476 3179
9882 5305
5784 3532
6594 2962
5089 6189
8852 5531
6799 9888
9438 690
7083 5506
5321 9032
1965 4727
9466 3055
4636 5173
6236 9749
7070 2594
7479 6325
2532 8514
6407 7974
2306 3456
5838 7042
3834 5090
2918 4958
5231 8781
8278 9190
2111 7386
8686 3947
4946 6410
4487 916
4528 7621
4310 9434
5734 6059
3527 741
8948 7387
4792 6136
2442 9818
5074 8924
9129 4123
7708 3120
9557 6409
7881 2685
7023 5854
3456 2575
7767 7893
9793 6494
9762 3538
8276 2673
9515 3816
4464 26
1174 7061
6707 4916
5605 4282
8550 6254
7274 602
8499 2524
7322 2489
8371 705
2393 895
5852 4476
7064 358
7903 6674
3994 8284
5150 5837
1714 6489
6818 3317
6704 7409
9576 508
8984 787
9299 3650
2348 7533
6270 1781
1706 6102
832 2664
9445 8894
4889 1254
8321 867
2711 7254
7137 673
5113 5450
5169 2789
1881 935
639 7045
6901 9946
769 9192
4079 8318
8881 9262
7420 9610
9571 2572
7209 6564
7274 3866
4157 3633
256 2808
4850 3024
491 8601
6720 3619
4219 3335
7337 9580
5738 5813
2245 1328
754 2178
5802 7358
2269 8978
1403 6498
7963 4988
5986 9241
8033 3920
1270 7810
8600 9175
4638 1910
7490 6745
2576 7225
7717 2046
7123 5402
7565 3800
2764 26
5604 7814
6632 440
5983 8119
5275 3853
56 5287
3494 4441
6419 9756
4328 8366
9381 8989
2111 8413
5381 7035
1084 9179
7603 1962
2558 7270
8171 7313
9203 325
8863 6424
9726 9337
6976 1718
7136 9527
1468 4556
9404 395
6344 4810
2760 8492
9391 8167
821 1059
150 8273
1261 7391
8581 4432
372 5749
7915 3658
2543 3090
2192 4227
3113 6490
7623 9907
2374 1045
5650 8982
2416 2017
511 6030
2092 7064
5922 8312
2982 7543
7456 4656
562 9665
5103 6078
3579 8572
9976 5460
4323 8534
3598 8449
3477 7650
4710 6140
8586 2760
6507 5102
9374 4291
56 9297
8751 2272
1248 2018
698 4716
4509 6931
4585 6639
4538 6617
3631 9302
8610 9034
4939 6721
6501 1434
6261 9347
3969 9248
4672 4156
4343 1299
3976 9298
2930 1149
6164 8569
4728 1823
601 8777
6493 7445
2165 6650
447 9866
1159 6969
8115 8271
3454 3351
7709 5508
4093 2560
2927 1722
5511 1677
7388 7162
6459 5847
6888 4988
6194 5368
9315 6200
5899 4134
2586 5677
4287 249
1270 3921
1082 9502
7109 3191
4811 7126
7604 6210
5151 7344
6103 3648
623 9545
2756 6185
6034 4312
7755 5827
2770 1319
4818 3604
3895 8112
5908 5191
4661 7405
2376 2457
7218 6934
355 402
3049 7965
9370 3095
4610 4701
8360 9645
6887 2728
8609 1639
7029 4565
9699 7583
63 6687
9816 8777
3780 3615
9540 6248
7416 1061
613 4858
1961 6302
5418 7861
1800 3000
2978 200
9950 6734
6350 4132
2566 5400
1397 9736
2053 8972
7140 5031
8428 3611
2851 9634
6977 8750
973 9361
8244 4240
9820 8367
1688 7965
8121 9950
8349 6636
2180 1544
1638 4919
199 4399
2931 425
9292 690
2534 9051
163 7901
6022 6864
3294 6962
2714 8268
6148 8670
3665 6094
8869 7752
5856 5227
8953 6182
1780 4041
375 333
1610 5100
7790 3120
9114 8991
9416 1268
7349 5548
6578 3040
4732 6959
4840 9648
5509 8988
6413 3494
5895 922
7733 7807
222 8320
4518 1283
8473 4891
7618 9873
4780 7032
1789 344
79 4418
7908 2109
3712 4176
2141 2221
7003 8962
4651 9354
7226 1724
2267 2101
7326 6352
7442 680
6130 9111
9618 9260
837 7208
108 5743
6522 1750
7993 109
186 7673
3978 8800
9795 2827
6021 6433
1576 2133
7045 136
1691 424
4453 2127
884 7737
5099 9293
7722 1484
2727 6189
6050 1801
254 2134
7474 7433
8075 7581
8074 8877
2925 7296
7972 3062
4114 1670
2654 2858
6240 1082
2848 8025
5194 1390
1067 8447
3769 9245
9027 6177
3124 3954
9888 4614
6196 2266
6188 1448
128 4462
3551 5738
5153 8588
7404 2351
3161 4049
3432 5925
8864 7774
454 2846
7832 4354
5426 84
1449 8752
6381 859
4354 7812
9201 2426
2865 8915
1805 2538
8523 6712
9487 9023
8164 929
7239 6363
8717 2815
6564 221
4269 8028
4132 5501
7362 8959
8069 8849
8449 8011
4064 8236
6402 2008
2072 4130
6949 7671
5305 6807
2163 8245
1852 4626
8257 7102
7198 8504
4836 9643
8637 3504
8776 4111
9059 3711
4389 708
8373 3151
1013 739
6468 7630
2820 5004
6079 5198
9833 2210
134 8280
4156 2312
5862 7400
6507 4244
9529 7627
2780 2164
2697 7814
6790 1925
2254 618
5207 8514
9979 3102
6860 1892
6206 1940
2163 1204
7655 3365
7005 6330
8617 1189
1314 9937
3501 1260
8142 4743
4325 6738
4408 1141
2371 9043
510 2904
1893 5832
1302 2950
1455 5577
3362 7473
3582 6922
7266 7378
9622 2838
2657 7247
915 9128
9259 8408
671 1427
4018 872
9291 8432
7694 3660
6526 2291
5807 8207
8763 9748
6148 9147
5318 986
3643 890
9182 4318
7875 4490
5068 1719
7148 7663
7372 4834
6395 2924
2268 6219
5064 5298
9532 9782
9669 2320
8416 710
8018 4119
9214 2689
2256 9005
1747 6575
9524 4273
3467 3680
8332 4889
3635 8025
9422 9348
8624 1703
5922 8167
3834 4799
4602 8202
4679 1225
6881 4854
2395 2683
4254 6013
1584 8692
1721 5231
9454 1525
3866 1711
9123 2984
6673 9490
3525 8809
7510 6177
9964 8377
3723 7565
4257 2295
3297 3948
4593 1552
8321 5296
8814 2315
8055 2519
1440 6384
7979 2497
440 8064
6226 6309
1496 6709
7829 9345
5439 5725
3856 9735
6788 897
7023 8537
1012 9705
8600 1322
5911 9426
7321 4538
6340 7750
6931 3788
386 4260
9307 1197
5936 3755
3373 2313
4055 8395
1020 572
7577 3191
742 3110
401 7902
5057 3925
546 3925
5563 2089
2218 3758
234 2135
379 3181
9697 6430
5603 139
9048 4770
639 9634
6085 1592
7153 8315
1019 964
1864 7791
2991 6100
2694 9584
8430 9265
5694 8290
4207 7746
3149 4302
4165 6037
2102 5687
6083 4645
1553 9898
7012 9983
3304 7586
3393 7542
9701 4671
208 6611
9349 2822
7231 5534
1631 955
4727 602
3374 8926
2681 5697
7437 3791
6189 7322
3764 1069
1043 6050
1706 7474
7039 241
1601 3395
8588 8821
7581 2052
1550 4093
5148 5426
4789 659
4063 4922
0 5189
8135 2098
2301 7906
3625 7732
2176 1728
2257 6285
7273 6087
850 4836
2631 3248
4092 1849
317 9671
2006 3193
8004 2003
9706 7353
5428 5929
5090 6217
8381 5750
2989 4261
8151 7244
2343 9877
9354 4257
4089 7705
4951 9845
4398 7132
4527 5617
4465 7027
7865 2414
6062 2451
6762 6996
7794 4674
8716 5055
2846 6842
3285 1984
993 4006
5275 2115
8316 932
3958 6693
8952 360
6682 2203
5267 1545
7268 5329
9810 6835
9911 3306
4200 1426
6247 3635
2991 6141
5612 4673
3718 8273
3114 9821
2187 2774
1695 1987
9471 2928
9940 3999
6342 2118
6658 6021
2591 1521
1636 8113
7771 1700
7578 8440
9869 7512
4475 9862
7157 2724
6092 2638
5069 3402
2224 4878
4479 3480
7183 5347
429 5680
5088 4200
2317 2781
5079 5938
6857 2609
8450 6700
8294 8545
5950 8908
4195 4073
6645 8312
1834 2329
608 5082
6318 2282
752 8871
4260 7329
3579 5950
5625 8701
8874 7034
2234 8473
8124 2594
8381 2210
5600 3917
620 1141
7516 8644
2861 1165
4205 2692
805 9929
1594 4789
1723 217
7061 3110
4043 3824
830 6086
8545 5344
1034 5259
2183 8551
629 4176
4190 8415
9968 5981
3030 3460
9519 6423
6692 4650
5257 9822
8313 4845
4379 8332
5218 2410
8482 6527
5196 8591
9776 7016
9619 5139
7971 3306
4613 9953
1625 1762
1921 5456
8088 607
9135 92
9144 7078
5945 8645
5194 9291
4733 2608
6816 8502
7383 8954
2945 2516
9746 4237
195 4930
3242 3259
4305 9132
8417 5765
9465 3115
8946 8639
1705 2051
5104 6340
3208 3477
2293 1269
2364 9639
7738 3256
5206 5954
2294 3184
3854 6020
4241 9441
6136 8355
4423 7493
8132 5003
6221 1058
5135 1103
3573 438
6404 7364
8512 438
2347 4444
8141 5773
8 6002
4794 7455
4348 8443
7362 9860
9224 8825
9960 5042
1436 3792
9008 7879
9062 1453
1901 6784
9445 2102
7151 8264
399 9963
3848 5936
8961 547
3835 1759
4569 8032
2257 2922
6418 6540
4417 8876
2706 4046
4274 7116
6463 1916
2878 8888
6222 3284
9790 1624
9243 9912
8176 5921
5166 5486
7728 5181
1263 2411
7750 2935
2677 2977
2910 5449
5808 1236
7920 4935
7338 4963
6558 6015
3492 5976
5454 3209
4815 5832
8939 813
7286 4250
9805 4531
1860 3359
9984 3272
4750 3391
7283 2777
4075 2442
7632 8973
986 1140
9058 567
745 1360
3561 8314
9090 34
378 1993
8451 2008
1044 7073
6415 6989
5303 8
3503 8909
8139 2760
9490 5397
5852 1866
8129 1184
3456 356
4593 6165
6218 4847
817 675
7069 9571
1445 7065
6690 5863
525 4117
8532 2586
4706 7952
7351 3404
2681 8117
8801 1439
7837 4456
4458 5430
2580 5789
5767 1120
9119 6340
3397 2497
119 7982
4060 5126
5357 4637
1555 8659
6076 8563
4 2806
4449 4873
4236 1356
5440 7116
6165 8742
616 1388
6513 5657
6369 1995
3081 894
8205 2703
9049 7394
9117 8367
9851 8514
2251 1999
8731 5249
1605 8526
5260 1660
3279 1918
2264 4332
2558 1795
4821 531
9990 5754
4727 2
2063 4807
6038 1945
2820 6876
5129 8223
4568 6020
3859 3494
4089 6067
97 6559
8437 9291
2932 9283
1404 3109
3504 4650
6846 5377
7293 9988
2636 2939
9198 8281
4753 9832
4963 95
9363 3849
994 761
4628 6568
1701 5249
8432 4400
7094 3687
2093 5842
9765 2327
3064 7301
2436 7090
5336 3376
7381 2359
8560 1285
3437 9954
1729 1606
1478 3219
4010 697
3862 6057
7394 5150
360 9105
35 582
1670 5965
6124 1464
6369 8749
9548 8685
2571 9378
4540 2609
1978 4830
8645 639
6575 3683
8932 9993
8156 4515
8393 8757
5068 2098
9100 2800
2735 7654
9139 4670
3251 9184
4873 4126
517 5015
1324 2565
9807 2583
3799 3374
4454 857
6833 9445
9905 343
8951 6070
3885 3680
2843 3536
3472 136
6094 7534
4481 8907
7413 2252
5716 8117
5821 8546
2908 8316
2218 6987
6398 5143
2039 3600
1298 1741
2651 675
4128 5489
6591 3870
3789 5939
4471 3749
971 7176
4139 6272
5262 4011
2406 4066
4004 804
1608 3614
9157 3496
6119 7046
7143 5914
1725 7793
2753 4730
3043 6028
862 666
6086 4170
9790 3432
3422 2792
6715 7867
9329 1284
2130 808
4730 3398
5497 6501
6197 6694
3065 7068
1942 9435
8655 7454
4325 5815
4229 561
375 7829
7958 6973
5359 3190
6015 4968
1954 1086
2013 6427
6807 4852
512 9478
7510 9801
8784 7851
8179 3772
2477 4565
9350 2743
8326 2441
8625 4991
4083 2381
5639 2564
1996 8880
2708 3452
741 4322
2432 5314
9355 5608
3713 8254
5548 7457
7839 3029
7077 5929
5366 2083
5041 2205
3713 8522
8952 1629
4742 2978
2697 3574
6190 1692
1292 4598
8041 4813
958 3901
1757 122
1746 3978
7257 838
2118 571
1269 479
2935 2038
6339 5263
7031 1820
4708 1481
3202 4626
7095 6039
159 884
7491 6923
3473 9676
821 397
4561 2901
3511 3437
9948 1936
7416 7887
6425 4273
7523 7426
6919 3469
4487 462
6251 7874
263 4691
8043 2239
1251 8060
841 900
2258 2953
2990 3069
8163 8000
5465 8605
2231 206
8268 6290
2831 5112
2752 8600
6746 8543
1961 965
9739 8822
7011 8176
9801 4656
8041 9484
7607 1838
8271 1375
1882 4009
3363 9183
6581 3437
9256 7837
8841 8696
5878 8361
701 7662
5742 9820
7916 3188
939 202
2810 2634
9750 1238
4717 1193
7205 9485
299 1926
2279 2878
6614 2012
7441 6733
7825 9774
4141 1309
676 7418
3303 7006
123 7957
3693 813
5570 3652
9585 1666
930 4687
7494 9450
3693 9497
8945 7108
3722 1723
3876 4977
3794 9099
3535 8104
3402 3880
4412 3095
7194 5850
9661 4602
3436 4029
624 9650
8479 3674
4121 9424
2413 8130
9697 3779
7804 7867
5458 508
8065 5470
6263 3963
5115 4767
3026 570
8618 8386
5666 827
2449 5109
2381 7470
9851 3669
997 4435
5779 670
2208 6314
7576 2613
3143 7071
2247 2591
9465 7341
6482 1663
7328 654
3914 9131
7439 599
1158 5987
9635 7055
2068 7592
9904 8126
9148 4857
4597 35
9171 7137
7605 2623
180 2734
2018 7060
9380 5349
2839 9742
1795 4814
2683 2706
7317 1067
6330 6667
4674 7084
6643 6274
1100 720
710 3402
1914 8215
981 9263
8485 8767
2718 3753
9931 9250
5685 4169
8931 3877
5392 3925
6806 6748
2377 5590
9219 234
1567 5460
9189 9699
2898 6526
4386 3190
6137 3992
7467 4119
2595 2195
8448 1260
644 2060
3210 7385
2608 6500
4073 9209
2035 9745
2937 9727
9341 2889
9731 9900
8677 699
4184 4782
2442 5295
2526 2511
4172 5597
3581 8549
7402 6249
6693 9015
2068 2820
7644 2026
2995 6408
8277 9941
6897 8724
8301 9477
3686 5027
2904 9666
8000 1837
305 458
9884 7418
8724 5596
1995 6265
4648 5395
714 6210
3523 8790
2046 9904
1959 2389
6764 3672
4999 9320
4808 3118
6910 1504
3487 2093
3809 5947
2448 8769
6468 2730
5149 291
380 8120
1516 9846
7884 4758
5543 4563
6813 8070
134 690
4082 2247
4332 9464
5755 6543
4821 281
7429 1475
7977 8805
4908 9814
4742 3828
5492 2621
7298 8935
9354 9572
47 3909
5549 3154
9962 953
2158 1034
3095 8286
5835 6426
251 4430
6002 8542
7143 2386
2277 5913
9909 3615
14 2735
9922 8228
9622 8389
5715 6160
9162 9453
2177 3765
4042 308
2725 2110
8596 5405
8156 1924
5198 5679
8017 6627
7452 345
784 6011
1055 4375
6895 8148
4146 5505
7751 2252
9330 3858
2055 5213
5221 5279
1814 3090
9772 622
6684 4637
5831 7177
2239 4540
8001 5885
9507 4037
4277 2254
4304 5894
9033 5838
1869 5228
1847 82
3184 3960
8670 1498
2177 5399
6108 8191
9139 2704
1256 9745
2449 6241
122 4474
5482 9351
3241 8360
5273 4791
8764 6594
3381 9204
4934 7745
9509 9700
9851 8001
9832 7459
4130 1253
7438 1288
9355 943
4057 3468
9685 2192
6588 6110
7337 9405
9957 4430
2958 6326
908 7393
189 2569
4118 8660
7390 7221
7457 1299
8544 207
2900 3799
2074 1974
2702 7081
4100 4834
8785 7150
8980 6758
3521 4079
6829 1572
6553 75
8628 6820
6433 9323
9390 5752
1782 9001
3938 9931
1287 9082
8429 7692
9075 1848
4477 407
5488 973
2139 1938
9397 5864
5265 972
3129 289
1246 2215
8660 8604
2001 4558
953 6025
4326 1175
3925 4964
1807 7416
2824 1127
3036 3297
7818 472
9112 6267
3743 1879
4650 6811
5188 2747
128 5643
8916 1457
1973 9104
9015 8256
5947 4578
6017 790
6856 3434
6889 3962
7011 6265
2951 5432
628 4615
7971 9779
2672 8948
4314 3827
5274 3100
8296 375
3880 6060
1156 7944
2028 1844
7731 6923
3699 7535
6792 9154
4547 2498
5260 5849
6781 7616
3789 2672
5098 2562
4027 1901
0 1293
3921 2472
6460 2582
9823 2770
8359 4520
3759 771
8417 1668
7381 4777
1478 9
3217 3061
1285 1865
852 6682
1057 4362
2852 5314
1095 3853
2123 9151
2980 5465
8720 7937
1753 3124
4622 3418
7987 2592
8418 4772
8541 7045
875 4381
455 5593
9889 6739
2015 4078
6189 620
4927 3045
4053 7263
6353 4918
4157 5471
785 9661
2738 9242
5089 6221
7264 2362
3166 4794
172 222
9895 8469
1588 3955
5809 3729
6098 4856
4714 4553
8859 5907
7806 441
2903 1228
8868 4175
9222 6598
5481 4015
5592 5174
1775 7372
1256 9474
2307 9884
8187 6511
5799 3546
8113 3119
9830 3416
1320 6178
1069 9234
6949 8744
1993 4018
4573 5783
815 1176
4895 9975
3098 9647
2213 9019
266 8256
9761 4399
164 9300
3677 4027
8836 2987
5242 2640
8801 7281
8977 9925
7138 2942
5560 5285
7306 3214
6959 5574
5009 3152
1048 4246
5743 5946
8372 9647
683 25
5945 1154
5818 2478
6207 1857
5333 6133
6959 8428
649 7267
3646 5298
687 1003
3143 2285
151 4758
9668 2771
3173 7562
9795 9010
3967 794
1851 258
1241 3220
1082 1463
71 2499
9645 4370
1941 2015
4615 2572
6297 5403
6543 2861
5211 6875
3152 5761
1671 6796
7550 705
4183 8595
8325 2475
2062 524
9714 314
7304 2993
2928 1321
2938 5154
559 2183
2520 8048
1914 1785
8238 892
5328 1948
8236 3855
8360 7338
8440 8479
3 2207
147 4334
7491 9662
5581 9653
4411 8905
5030 6258
393 4264
4737 341
8244 6244
7615 711
9469 7705
3230 627
494 5523
4575 7299
7608 1490
1535 5710
6884 373
5635 4854
8559 7848
898 2499
2330 2619
6409 6291
1732 3502
8138 7354
2606 7044
5231 4089
812 9434
5737 8374
3022 6622
8283 1851
3971 6395
4530 5521
4368 6107
2538 719
8727 2186
6953 8297
5186 1532
2812 4050
9254 3576
8216 908
805 1432
5601 3341
4156 2810
3226 5575
8311 1166
4524 7476
646 8977
8406 4661
8367 1706
1788 8377
8588 3750
7801 3581
2014 9896
4337 7164
1332 3636
7828 2782
3372 5076
7162 8987
6759 7571
7090 680
9962 3401
9066 2471
5386 1600
3079 5827
9522 4318
5443 9302
7457 4822
1208 6423
9404 7306
8056 406
5122 610
7020 9249
5077 3114
6209 7567
5521 6462
4022 652
90 5011
5141 5368
8089 7929
3895 7116
3832 7456
9282 8597
9238 1469
7161 7806
4856 1674
4233 1357
6666 5051
2017 1051
2292 4164
9533 1683
6278 741
1083 5999
5127 3401
4285 3629
9283 4366
3613 6338
7171 3787
1425 2521
2176 5564
7454 5494
1390 5907
3704 4062
1670 6593
7527 1236
4760 1434
3742 8581
8202 4820
3035 5107
6696 7998
6871 501
2477 133
9987 7054
876 5955
997 2686
8303 3734
7181 578
9374 3740
8911 6488
519 8693
700 8625
4350 6104
9274 733
1482 6237
5719 6891
773 7712
1746 3161
6605 4988
7448 2411
3993 3829
3518 9731
3512 7278
8185 4346
9306 9473
1373 6180
8231 9513
3875 3862
565 6748
6495 8051
2686 3308
7966 1554
9670 2668
9701 8934
7083 5152
4879 3150
1932 4923
4761 8633
2705 7530
3440 6507
7188 2779
6835 4209
3922 389
2157 3638
6967 2472
6587 7497
5778 3473
7782 1263
2952 293
677 367
8835 6973
5409 1665
7253 3199
7851 7753
3047 5247
2883 3272
8863 5690
6764 7697
6710 8336
80 1889
7886 5032
6461 2212
1969 9595
7592 309
4034 1440
1043 4176
9255 8881
6957 2915
9888 280
6867 416
3967 191
5906 9335
9685 3799
9211 7655
9259 5823
4253 176
5158 5155
962 1934
1551 2479
6276 1001
9671 2502
9610 6295
5754 3431
1249 7307
4615 6843
1298 6079
2315 2085
3652 1868
5518 9897
2656 2925
3198 2416
4283 6356
796 7284
1199 8869
7408 1633
8297 8552
1672 5819
8639 1260
4275 8777
2224 4694
3878 6192
3107 1866
7865 333
7368 5832
2897 9979
4673 8484
2330 2256
9043 4312
6456 769
7968 4283
6032 8973
2549 1777
2555 8771
2428 2234
745 7442
620 2016
7499 6319
5688 5879
9269 3152
9597 2150
6798 6072
7480 8232
7916 9456
2881 178
4209 2887
2755 3968
2619 2732
3841 1263
6799 411
2724 351
2409 2639
529 6084
2717 8931
2260 4069
1344 1746
4015 7973
3354 393
5449 2132
2959 51
3102 9184
5825 4982
3275 116
7881 4522
5149 5179
9785 8256
1965 7142
9235 904
6886 2937
1012 6339
3418 4748
1521 1490
9363 6779
9618 8691
8969 2180
2363 2768
8968 2223
4326 1914
8669 4834
3980 4266
6542 6402
9223 86
3968 4818
9213 111
2880 4656
4078 6097
4438 4605
1279 9552
216 7190
8135 1868
3657 3218
2626 3473
121 5709
5846 6303
876 2631
3523 3392
2945 1981
4470 2186
8771 5486
8609 554
7619 3936
3568 2474
861 281
4379 9312
3342 2136
9135 5960
6067 6738
4208 9730
2033 9070
7059 6029
2788 4775
8075 3670
2312 4697
619 7593
5931 2709
716 426
3263 772
946 6422
6919 9422
5176 5872
4576 1182
2294 3680
9796 8039
5234 636
7951 209
9900 3867
5990 5673
8464 8894
8247 7319
8468 2952
2371 7423
7948 3739
1590 1898
15 71
828 7661
9928 3159
6313 3510
5912 3303
9859 932
3193 3536
7806 5300
9343 3153
4401 9764
2926 6082
2395 7730
7792 440
7150 3473
7717 3295
4918 5968
9833 2921
3899 3430
6119 3998
2330 9929
7896 3215
3096 438
4118 9065
9734 8696
9743 2280
4968 5267
8854 1573
1493 9434
1910 4269
2622 2366
5339 7413
2353 8270
5570 691
5123 6679
4889 9105
8693 6723
8958 8421
3033 6318
1445 2493
6101 8635
6684 5730
2210 4034
1770 9466
1936 6541
5348 4838
5846 1779
2437 4794
1006 2217
9281 8689
5924 971
4483 6573
2600 2002
4329 4866
7354 5101
8674 8818
4555 2310
9979 9688
7018 2006
759 6449
3049 9904
4166 7182
768 9426
4787 9219
6707 3617
9653 8648
9040 257
2363 9984
3223 3853
6585 4739
5877 1287
8667 9327
1400 4459
8923 196
4571 8089
7648 9390
3703 1943
5438 2895
8772 6634
4366 493
4460 2521
4937 9478
6128 6967
5985 2634
9170 1656
7019 9368
2026 663
4583 3595
6372 1764
1942 7824
5848 1965
7722 3540
9253 2251
8301 7274
3391 7034
8705 5479
258 299
9640 269
9717 724
509 4079
936 2271
8255 4403
3378 6847
664 2789
7323 5403
492 1724
5215 5998
3841 5927
5939 4634
5394 8563
2437 3168
520 2617
9878 5908
9401 1764
3821 8697
2423 7818
34 7354
5918 3544
4995 8986
6515 4080
3559 2493
3675 9065
5638 9624
4658 8762
3102 1334
120 9210
3465 8783
1969 5712
560 9193
2784 8389
1699 6407
3206 5885
4949 6619
2468 5289
6736 5978
8066 6112
9872 8040
1053 304
618 8102
7801 3077
5109 3664
8807 6467
6868 7946
6579 4060
827 4812
9101 3991
1318 4710
5338 3120
2881 7360
1270 9225
3303 8890
1357 6739
8084 6179
4369 3701
5388 1008
2464 526
7595 7177
3457 5860
4781 1963
2283 5266
7692 4332
5 8579
6266 6903
9518 9010
2932 3939
2144 6942
6603 4820
6228 2907
5510 7037
4899 3419
6197 1807
1562 955
1014 1196
1505 9197
8364 6939
9914 194
2361 4971
2022 2861
5193 2139
1075 1085
6004 6915
8791 1671
9212 6019
3941 4065
651 6023
487 336
3094 3279
5180 574
6727 9174
5306 202
460 9439
8393 8232
8833 5983
9955 2540
8324 1270
6397 7689
7360 5281
7494 2568
9055 3550
2547 5299
5619 9001
7409 5993
1595 134
5102 8120
5127 6761
1044 1715
1980 8827
2679 3804
3364 9928
90 9253
7669 3991
6997 1736
5353 8774
8766 6610
6638 7655
7236 2743
8636 2753
23 2686
9477 591
6258 9377
5355 5894
4618 4182
4236 1567
9214 3367
9963 6493
8835 7193
3455 4469
2049 4754
9381 9495
8201 5400
3885 3151
5497 359
7381 7764
5038 4909
397 6604
8492 410
6081 690
4469 6894
6424 8518
4963 7294
9596 250
7949 1524
4159 9799
2050 873
918 8820
2293 3533
7016 4404
995 7542
8029 6688
4027 4049
8018 461
8382 9022
1175 1925
7412 185
3150 1844
699 2775
3657 7632
8564 7265
3707 2365
9570 9737
510 8350
161 7342
3613 4118
3412 9009
5874 8723
8345 5120
445 1360
9709 8707
3935 4886
9599 1997
9088 2242
4085 116
4993 2973
668 8734
529 3902
4848 6697
2981 6174
7787 3684
9763 1290
883 6842
822 7408
8395 6768
6461 9377
4322 1608
6266 3745
6810 2260
4779 5500
7150 3389
9948 5537
114 7382
7515 9857
1894 7373
1986 5568
9927 1443
7822 6035
6189 8649
6968 2332
2672 4382
7736 8262
3563 6608
3774 6829
1101 3213
5374 4737
1922 3827
2619 2273
9588 8353
6003 7393
2204 2786
2282 9750
1096 4829
6314 1358
2635 3625
299 4704
9247 5060
812 5463
7811 4724
7783 8596
1639 9073
1289 3345
5568 3746
9093 7303
5459 8754
1620 3628
5588 1693
9499 9983
4999 1501
6494 2214
6355 2660
3298 9151
7320 3754
5504 1710
3865 5152
7564 4913
3132 3108
4295 8211
1523 5765
3137 1914
9459 1703
2227 8300
6877 8382
8590 8123
3706 540
4453 7518
9748 8045
5394 7521
4238 3252
2796 5542
9416 1147
2647 8643
6291 6677
4322 1608
4386 2994
7802 7793
7221 6163
8049 8033
17 1216
6779 7688
1486 6329
4462 9099
7812 3950
9358 8746
4516 4656
6775 6954
6721 6833
9421 7499
7669 2482
9141 5474
3947 4870
247 3915
8177 149
7582 9376
2819 8851
2544 7551
5492 3388
8518 1216
9628 4923
2335 4324
8855 488
7061 9863
7590 8797
428 3681
5011 3122
4864 5878
2402 394
1698 5003
5840 6404
2158 1837
8221 9589
4423 9853
1506 9462
6044 9469
1065 3243
6781 268
1848 4237
7328 5090
9061 6807
6110 4649
7678 7472
3012 4226
4272 110
5183 2272
2396 4162
4409 3285
7464 3812
1090 6182
3620 1990
4238 5843
5954 1310
2711 822
7350 9708
3313 4246
8214 7826
3793 8947
9085 3083
5244 6786
5125 7295
165 7975
5880 299
89 1917
9084 4042
1031 1778
490 2544
9311 3763
4979 3998
5177 9965
5985 1778
1492 3561
2353 2914
7674 3683
3401 7426
2139 3599
5444 6106
7632 721
167 4462
8049 8388
388 3098
5754 4103
4569 4572
9397 5258
9775 8911
7588 108
4870 8336
1886 3088
2461 9150
4818 4692
3646 1232
5755 8452
2619 5586
5564 1714
7548 1087
8971 3375
3051 1105
4322 367
1146 9316
1338 1920
4997 5273
3342 6043
7379 4205
5949 4145
2314 5363
2631 3792
2415 6795
4199 9191
3955 7462
8177 1582
7447 1607
8584 332
6401 9318
9828 7085
3841 4226
1717 2094
5636 7984
4650 6197
1903 6310
6058 3814
53 2554
223 3239
515 1789
7583 6377
2600 8233
3863 2695
4521 9761
6359 1890
6366 6657
6820 8617
6644 1083
4441 5888
7583 3539
5742 6315
9418 1410
1187 5247
2015 33
1384 8328
8147 697
9847 7767
4746 1501
2758 347
9843 8690
8343 843
6749 2601
3519 7679
8645 5209
9348 1082
2700 3037
9175 5833
7061 956
3436 4422
2158 7690
2759 8419
5706 3204
2653 5671
1556 5260
1619 926
4032 8489
1623 8578
8030 6832
758 7933
4866 807
4425 9826
6344 9044
8505 5189
8373 5419
7224 6841
7283 7012
533 9855
8843 9340
5651 3231
7533 4744
8510 7030
9993 9781
4738 897
639 9534
5319 9659
1130 2387
8558 5623
3814 5323
6796 1847
5744 1925
9978 9216
8626 5132
7962 6658
4685 1123
8969 8538
8012 2573
3422 2077
8999 2138
7246 7038
5291 190
1115 771
9777 4357
7427 5078
8741 8325
3382 3320
929 6064
3561 7667
304 9454
8108 8706
8100 6569
727 9159
9772 9942
1506 1040
9105 6248
3905 7743
4648 6234
7339 9017
3169 8645
1711 708
7421 5924
506 7699
3843 1698
1153 6896
6514 8891
7964 3282
5801 3251
260 9771
7557 4841
4501 3785
7050 2412
8564 4867
1739 6336
7392 6181
9697 9811
4468 1579
8042 9827
4176 8457
4598 1838
5458 5792
4753 1353
2439 4101
1005 7870
7778 5364
8942 367
5131 7143
8914 24
6304 9645
9601 8911
8961 4852
5821 7650
8938 6453
8012 5066
5509 5120
7748 63
8589 6402
5147 9227
6476 3085
9956 3246
4234 5385
5628 8383
3282 8442
4092 2014
2015 7324
8484 7013
8080 8178
3753 7962
3786 8199
1416 5538
2141 8171
4367 8460
2292 8310
9621 4343
3044 3451
1255 3697
8353 6440
3505 370
8713 2173
4646 7268
5276 9172
137 7119
9276 3469
2100 6099
10000 4039
5351 7708
5025 985
5140 440
673 2370
3323 9470
9408 8621
9617 6723
9960 2878
5317 2726
9005 7232
5999 3252
4343 7666
8908 5287
6959 657
4368 10
7836 2143
6611 3646
2228 6990
4381 853
8408 7113
3578 8777
3962 9440
8613 6542
6262 6622
1447 6872
6104 5373
7059 7735
6141 8729
4724 767
1169 4297
8026 3156
3015 1571
6972 3353
7216 2110
9229 3344
9382 7581
1978 2494
5792 805
8668 1607
9549 7401
7415 2730
5337 6900
7962 842
4038 474
2975 3549
2559 4802
4465 6945
7763 8076
870 1713
7129 5904
6069 3956
6249 9446
7759 8417
7599 123
8748 7441
1589 4555
3725 4352
2024 4655
3466 4683
358 9352
8171 8355
2353 1632
8286 7812
5477 5587
6561 318
3500 1377
5744 2949
8121 47
2567 5616
6866 5665
7108 9878
3043 6901
7992 215
260 3305
1800 5547
7523 374
1305 6175
1065 240
9833 7377
6623 75
759 5718
5448 6228
6633 8282
2227 8555
3890 3201
6220 6999
5673 3430
2150 1140
1437 8629
3601 1839
6272 2575
2340 7836
8866 3780
121 6350
244 234
6209 8755
3516 5171
2358 8987
9176 759
5648 1992
8464 9293
1718 7480
1339 8802
5209 2471
34 1081
8544 8316
233 531
1669 4888
7105 4593
8423 651
9320 5922
3719 9440
8363 3234
6275 2070
4228 6416
7342 9064
7195 6662
2184 3655
7060 9237
184 1722
5436 1352
4537 8384
8218 7089
7662 9637
5716 5342
7443 148
1923 3883
8164 5929
83 5210
4759 5840
9489 467
1167 6102
7684 9906
7242 2466
2075 9679
5146 5382
302 5202
1140 4307
2765 8201
904 9833
3988 2658
7558 565
4452 8178
745 1879
9075 5728
3230 2293
8919 2459
6369 3296
7269 6342
9083 9052
9723 5415
4076 735
2568 4085
4611 3284
96 2135
9069 26
782 2609
2611 6739
5944 527
7009 7509
2308 3686
620 5554
5406 3046
7051 9447
4893 5823
2304 594
3310 1779
5957 6507
6687 3409
4936 9027
1082 41
6452 1187
694 5710
7457 4484
1589 5068
6691 4597
6486 5493
343 7234
3620 1426
5172 7068
3189 8832
4233 9018
8591 7283
4358 9357
4380 5956
6487 349
9011 137
4193 2005
8844 3628
5896 6839
9124 95
2668 4805
3322 6572
6207 2184
7470 6962
8901 7946
6016 7886
4296 2754
8082 8503
996 6167
5020 845
7742 2475
3431 3328
6939 3406
6626 3955
5523 1121
2562 3049
7037 2604
7753 7460
68 2830
4521 9432
293 5755
5960 1478
1818 2006
890 7254
505 7645
9593 5798
5433 2706
5035 6346
1866 9749
2809 2623
9661 2228
7383 651
1601 904
2016 5840
3091 2688
5888 7212
9351 8875
9149 8161
6846 8695
113 917
7891 571
1629 6958
3784 3102
7376 1571
3988 5960
6229 4975
5184 5386
8987 4294
3309 5593
9064 2549
4832 9018
2707 7271
7406 4190
6457 9247
4646 6872
9451 7044
8850 6105
6224 1254
198 6916
1230 852
8366 110
3887 6446
4139 3764
9722 5247
7098 8438
8126 7056
3119 3981
7390 2020
2912 7356
4128 4180
7024 4404
2498 2929
9488 2409
2745 7163
1537 5613
9905 5197
6337 3326
6415 64
6404 3484
146 7418
7695 3252
7962 8492
7721 3590
4414 9462
6855 1296
1012 5772
5132 318
4467 1297
13 7957
1109 559
2271 4174
3829 4552
5866 8523
4536 8103
7734 2801
4586 6796
8157 9415
9065 8159
5050 6847
5726 2130
5954 2876
8653 8569
6802 474
2331 6427
297 6906
8884 2316
4304 1764
9300 9649
4618 2222
9244 3306
5008 8983
3628 9911
6744 2580
