88 95
63 96
99 3
1 23
91 8
72 98
96 23
97 35
41 88
69 32
50 92
94 73
14 31
3 83
4 100
15 21
57 26
73 73
72 89
74 40
25 8
36 31
98 95
32 14
18 71
77 65
7 7
21 43
37 97
54 0
18 30
14 20
47 92
53 23
60 78
40 16
64 30
45 49
98 8
28 94
57 44
26 57
10 40
4 0
67 26
50 4
4 10
4 19
84 24
59 21
94 98
56 48
10 85
46 51
40 24
18 20
68 79
79 20
39 13
69 47
51 13
25 16
90 83
30 57
89 89
41 22
68 12
89 14
20 80
14 91
89 40
51 44
59 57
76 61
82 8
95 95
18 8
0 95
55 22
27 25
3 91
96 31
14 52
78 72
57 76
69 28
94 17
56 73
28 94
49 96
12 2
35 80
99 49
0 28
56 19
25 96
21 79
19 70
59 30
88 69
